7
8
21
22
22
31
32
36
36
38
41
42
42
53
54
73
83
85
98
102
107
108
116
119
128
142
146
151
154
162
169
170
191
192
200
210
222
254
265
271
282
282
288
289
291
292
293
300
307
309
311
317
323
324
334
335
338
349
351
351
351
356
359
360
371
375
377
383
384
387
392
394
411
414
419
422
422
423
431
437
440
447
448
458
465
468
468
479
484
484
485
492
501
507
513
515
530
538
538
539
539
542
548
549
549
574
575
589
592
596
597
603
605
618
624
625
627
630
637
640
645
649
649
656
656
659
663
665
668
669
674
674
704
705
706
712
717
719
724
725
725
727
729
730
735
742
746
754
757
758
759
763
768
772
778
779
789
806
808
812
814
828
828
830
834
837
841
843
860
869
870
891
894
895
896
901
901
903
910
913
925
930
931
932
939
942
943
943
945
946
947
955
962
963
967
967
978
987
996
1000
