1.101208578
0.954220714
4.620164247
0.206291064
5.885882511
6.202222285
6.293049331
4.212033396
0.040073477
6.836941147
0.213875823
8.902264807
5.908484348
1.13777129
4.531068017
9.194704822
3.355935097
3.512032305
0.620404747
3.037528487
8.723435164
4.119185501
5.445043708
4.161662445
2.772191981
4.744550031
3.821821502
6.261445014
8.658023951
2.268884355
7.825794728
4.342292206
5.557288514
6.182282818
4.1288954
5.457404086
1.311313495
4.087452361
2.188942119
3.793660713
3.853726378
0.677598186
9.458686211
7.658421133
0.040437455
9.981944661
0.291344562
7.395691431
0.013132603
8.427410368
1.383800749
4.49128505
2.924173615
1.162045191
4.766723806
3.61384827
4.711685471
7.622762433
3.781088435
1.961231778
9.226767148
0.149054784
6.13881848
9.622712541
6.628767275
2.744787303
8.947814304
2.381287704
5.765262837
2.261538482
8.520702005
1.637192812
3.923631704
9.131190744
3.533422438
0.774330687
9.625643426
6.067693485
2.308184538
1.571305937
0.728058941
1.525765986
6.634526847
8.669648481
5.609965791
5.423168175
7.340344293
7.203518711
2.008986118
1.109911601
5.70197801
5.277003052
1.784065265
7.897056591
5.134135652
3.877341355
3.115205347
9.933951566
0.8956658
6.632836747
3.848294167
8.680703668
5.262712643
0.182232261
9.132938267
7.173033423
3.856921953
7.073337485
1.019604561
8.770763047
2.964504357
0.264962663
9.351145337
4.333481189
3.295089059
7.76763792
8.496431863
5.115711561
3.709024646
5.689467584
7.23646965
3.403123512
5.994742055
1.225011262
4.379566724
5.467548113
9.398583218
4.364856479
7.515184781
6.998121405
8.302279836
7.904808792
6.493597911
6.201468577
7.808833685
7.218101397
8.21452079
3.607291926
6.751254227
7.825429954
7.630996617
3.303120448
6.525198279
5.674640941
9.740944981
4.494050563
7.713867866
8.341761173
0.001425137
3.63688922
4.052423981
1.022902709
6.37888338
8.147437943
2.11071685
8.618668148
3.360770227
8.097145982
3.434690458
2.314046435
1.287058631
7.892854962
0.250333294
2.289494739
6.148675206
0.723091836
3.601501623
0.677833879
0.713178035
2.215615839
4.652633095
1.791277381
4.208698853
5.215229419
6.389359846
2.791540738
9.967414614
3.00850336
5.70285271
5.260330301
3.665788966
6.868113082
0.862700401
6.062671899
1.461890994
0.351866305
3.963682003
6.922124795
9.985130142
1.152284749
5.641703061
2.181086759
0.689161012
0.959218398
6.735727354
6.959732425
0.163800139
7.770108454
7.032164382
8.317733757
6.417536697
2.130244075
6.948798486
2.076905686
7.696150562
6.379674731
3.95323871
9.689625236
8.184141161
0.895967959
7.476862364
9.542993262
3.182921633
4.719807438
3.107491265
6.366171791
9.568670122
6.443711235
6.709815724
4.486602198
5.668472751
1.328250304
4.816076525
8.780014619
3.067857342
3.021266691
6.953109696
9.607948816
7.319904728
2.850333549
4.617755753
1.312401959
3.712338221
7.118281352
4.025460256
4.056196728
5.639837023
9.760973889
1.76023521
3.602012169
5.312749406
3.127848648
2.796777424
2.779320021
5.660689377
7.582115893
3.440253764
6.165298883
7.619312904
3.669233175
2.196950696
6.613834798
0.680568922
8.129789938
6.425166607
0.67688464
6.672602976
4.808189068
7.139533301
1.521920839
0.143036977
8.909323562
0.911674953
9.671565305
2.169546362
0.383235373
9.143822453
0.727751926
8.535235494
5.302426268
1.749713768
3.677898389
9.87620001
0.725271471
1.435961801
8.134271175
2.832856923
6.275304932
9.368907015
5.849219461
6.46639298
1.846085401
1.824487731
5.516027212
1.598686048
9.140560766
7.716766727
9.338416696
3.918396905
9.439718122
4.400975522
6.444083259
8.583608616
1.969564046
1.02402694
2.744427426
7.467097495
5.117525067
3.182245386
5.264706134
6.817092169
9.289443198
4.03901402
8.944406815
4.536009502
2.854226096
5.384377358
5.117434278
3.848006485
1.858546483
3.047133045
6.368116105
3.637591746
7.608356869
1.658902289
0.169233036
8.836646348
0.777709319
5.982605281
3.598350867
3.624391156
8.914130017
1.611519519
9.828205449
4.859123425
7.08797073
9.629894739
9.416842004
4.793062613
4.904335447
1.712758
0.81996637
1.348431077
4.487418086
0.384279989
2.368721918
0.308701422
3.92112903
4.744551101
0.189257668
5.814474864
8.826652
2.198035941
8.338207564
2.193406852
3.08935852
3.176709913
1.449071455
7.16407619
4.97162317
4.108819121
0.250442788
5.733513018
3.929168003
4.551967025
4.502908839
9.43911499
1.270007249
1.591574143
1.010332912
8.079012903
2.237393249
5.041572622
1.600423572
6.329839361
6.578234367
0.562276311
9.128440273
7.848488558
2.406375564
8.669454529
8.095954146
1.270191078
1.083213788
4.183906302
9.557433718
7.899635541
9.891350641
4.22237169
6.103732421
0.022804901
7.407051989
1.222872525
6.721323689
5.385839055
2.243572463
6.697182241
1.47194689
4.705911462
6.96757178
9.927998581
0.453757286
4.30749857
4.125140542
9.405689261
7.696953338
1.560899304
5.788539255
5.568793507
3.094306899
4.486597953
8.334882676
7.012749361
7.789605413
3.469311551
8.515020812
6.295631729
9.65548519
7.287978466
2.243989796
6.672651537
4.968948381
8.696986928
4.526913934
9.662512888
1.51810057
0.892150414
9.367395434
3.787727852
3.510829544
5.987011152
3.314148479
5.889779609
5.009287798
0.27142805
2.92140388
3.111274755
6.558183086
3.287235161
4.140212409
7.02434966
9.643717477
1.170422631
7.513625371
1.35551456
3.557011685
6.371357284
9.250994722
5.612379246
1.416072389
3.726904486
7.416135799
6.136270175
9.920029811
2.794670398
4.223121376
7.366198013
8.352576221
0.520842792
1.019827654
5.723247014
2.952992419
4.246802317
0.765392486
7.915223998
7.757505628
7.881772843
3.138317718
7.782389333
3.242144429
7.334971631
8.970369039
8.434449168
5.578345464
6.884700371
0.450260764
9.593024277
8.188912387
7.680085623
4.420748452
4.368943582
9.660401075
3.893487568
0.114700727
4.679706884
5.268519947
8.100888507
3.857477484
5.567522371
6.409994323
9.568172743
7.657143656
3.311152729
0.302237122
6.513998951
3.395441526
4.554981135
5.236469208
2.748094457
2.237811349
5.955854277
5.763862605
5.683835774
4.805841106
1.121248511
2.682483794
4.731078364
4.276483384
4.741033964
3.295331237
2.256942344
9.998894327
6.5990799
6.729040244
0.789178044
1.142104915
3.595106856
5.504468706
2.475366013
0.366256745
2.559655257
0.689527807
7.627259708
3.241386081
6.197902965
0.666161035
7.689105925
5.249002524
8.925258394
7.12593525
7.832210749
6.298505139
0.980907707
9.219307169
3.919812854
4.532064173
1.70915428
0.665656648
0.031246568
1.572679833
4.618950712
6.110221327
3.929379754
6.11465335
5.248905358
2.103301266
3.626443165
1.870820992
9.327220511
7.913934601
5.235599656
2.592663822
1.297736236
2.90874106
4.809715599
7.470981048
2.905229702
3.830043905
7.293559084
6.403404946
9.971809682
3.800212068
4.89206352
3.653580415
5.31779043
7.053841023
2.114673753
2.449950464
2.274376306
1.012961974
2.413052045
0.057699753
0.735385566
2.465856134
7.051644184
3.867727852
2.944490574
9.542454935
5.032371998
3.855688864
5.659025352
7.619925712
0.485274675
1.028021999
9.344160509
5.970300925
7.191174175
2.467824983
9.786888654
9.287833708
2.721028915
0.897318642
1.17466466
7.34659798
0.146232456
2.950597769
6.197047724
4.965238515
5.246578533
8.864688955
4.904889011
1.886135171
4.973054142
6.887556591
6.942596842
5.344208978
4.045567404
8.110386194
9.0020925
9.205180634
5.134602377
4.218651959
1.161497273
6.231980911
6.350236134
0.342244933
5.003202886
5.553935083
9.714078616
0.011252569
7.758725003
6.650933667
3.56334406
0.251990833
4.165515192
7.198138492
9.818111964
4.41334077
2.661252404
6.445288662
9.026989024
9.608097007
7.779996597
9.491311328
4.845555165
9.014853477
0.054531162
4.044007729
8.057287944
7.285694871
1.044818249
2.473162909
5.789726665
4.443447096
5.963668058
7.464336755
3.401098408
9.946805328
9.748099508
0.053139612
4.063129383
7.848542731
6.710537981
3.493594073
4.129687644
2.169671809
6.241075635
5.855923942
4.664865988
3.137112117
9.038874473
7.416034104
6.234418337
9.290880764
1.440089467
8.57254876
1.11846617
5.660913815
0.12535845
5.425983997
8.764107502
5.817361457
4.24113561
9.539215567
7.567970855
6.247165957
8.758282938
6.578597318
7.352983408
9.859941395
4.117937221
8.331876918
3.600806217
0.743434617
2.75026633
6.634070182
2.158991749
5.88648144
0.729658805
5.247243105
6.835264255
4.571388131
8.10175502
9.477801301
2.383010708
8.964063176
6.921731905
4.535367884
3.516756889
4.741395959
6.881112894
4.978399541
0.107381085
1.615341986
0.085117916
2.270119755
8.177052829
2.296229719
2.415341108
5.109008638
1.662412324
4.302391696
2.163851134
0.635271246
3.11836298
1.714276867
8.576043545
6.62468731
8.854882605
2.256692367
1.436291271
6.748117572
7.520576053
3.742001384
1.688539814
6.330568429
8.620177584
4.400825498
6.931282251
6.561981383
2.150024526
7.487674809
4.381683445
7.926565703
1.28449409
0.983844382
5.923030728
8.895890475
6.678353664
7.875575679
0.909616672
9.982412507
6.068448703
7.056742046
1.45823238
2.502774133
4.31843722
4.806369969
4.160121652
8.166095315
6.177314438
6.985306794
2.567201008
2.8475126
5.030723812
7.284457571
2.74935693
5.085309618
3.567306253
1.120743707
1.749737831
8.182830607
5.16508227
8.813312235
8.815065979
8.790499929
8.132272218
1.746855471
1.722061631
6.322106231
9.486339603
6.577845572
4.8367271
6.984645143
8.711046653
8.27936075
6.336858785
6.500449948
0.058062032
0.554389086
0.973969232
6.516468407
6.642653476
7.56268758
2.428483011
1.519551193
9.180363105
1.884412761
3.615354312
6.008398349
5.010892725
7.02228784
5.859660444
2.471991703
4.155612668
9.001988541
1.82152274
4.596307708
9.378784577
0.330391626
0.498504426
2.491990622
0.938100074
5.846924617
2.727778304
0.981874373
4.822516318
5.752430321
1.87881356
2.857613157
9.063206089
5.409348777
6.690285964
3.598373412
8.859593586
0.268030516
0.40973364
1.795724625
9.635005749
3.52386194
6.306568568
9.653468875
9.151349939
7.01767221
3.673367827
4.375508322
7.903857186
6.727842072
9.659038039
2.304576511
0.943489027
9.897375809
7.979549494
2.090229605
8.650588125
1.505760253
2.756792373
0.046137549
9.299849565
5.66195552
8.987467199
3.52901707
2.515866202
5.906661496
7.898137827
9.377711185
4.424803101
7.412396229
7.778937261
3.899353217
6.711937427
1.3406741
1.565745264
0.047794195
0.484493
1.059158136
6.15642872
2.881336221
3.389623696
6.796553455
8.202884488
9.164202352
0.091931083
3.066368786
5.368719649
2.609918798
4.733673978
0.866995509
0.468577282
9.581448076
5.640125462
5.792730096
6.178584623
5.624878208
9.654157804
1.215663883
3.090711203
4.927649981
8.17479922
4.145951794
8.754639327
9.957907454
2.582220435
6.916355614
0.121855258
7.907718306
0.137348252
4.818009498
6.971300852
6.067070293
2.403440227
1.65629063
9.27134945
9.653057487
5.992001069
2.211883579
3.914570025
0.304290649
2.695978483
3.084446719
6.609952508
8.861136141
6.181464696
7.498980562
3.321424711
0.453212467
6.028456103
8.293778307
7.518055568
9.751955648
4.114988599
8.886387748
2.607858027
0.33510319
9.883472628
4.558460667
1.928125711
5.789270124
7.980312253
2.262746903
5.435998769
0.86162672
6.0686839
0.517305906
2.476097191
6.065043527
7.530220376
4.912814218
4.602114601
5.269524458
7.02202892
4.947370763
8.860743095
2.793084932
5.634961264
9.551180248
4.594509124
6.901833381
6.784166757
8.362035342
7.18906609
3.321745272
2.475999585
4.021605293
4.919810269
2.789683645
7.02366577
7.44735037
1.017357242
4.039050104
7.468491826
1.312864222
9.100798429
1.597943131
3.819536822
6.662666011
3.064641551
0.903641777
6.836911511
0.136546048
9.923294944
3.024909174
1.165959927
8.295740282
4.345179941
9.219994496
8.481183024
6.382572505
1.138251977
7.50850942
3.389206489
6.430456369
7.326899252
6.785055199
1.467997885
6.035473437
9.382581387
9.645814732
9.034938623
7.534938188
3.076579316
6.325865807
7.815173484
2.494739485
7.604940348
5.012424684
3.562044353
0.431151363
5.205528808
1.115576692
8.531767243
4.351271118
2.292368282
3.176365842
1.158123485
5.713418995
1.039631725
8.787720515
8.35972608
4.595498216
8.007841278
8.40875934
9.60319076
7.08636059
6.728559682
7.333794056
7.562502168
0.133103824
2.054663851
2.26402352
