1	50	2	9	10	11	2	9	10	11
50	100	6	26	30	34	6	26	30	34
100	150	10	43	50	56	10	43	50	56
150	200	13	60	70	79	13	60	70	79
200	250	17	77	90	101	17	77	90	101
250	300	21	94	110	124	21	94	110	124
300	350	25	111	130	146	25	111	130	146
350	400	29	128	150	169	29	128	150	169
400	450	33	145	170	191	33	145	170	191
450	500	36	162	190	214	36	162	190	214
500	550	40	179	210	236	40	179	210	236
550	600	44	196	230	259	44	196	230	259
600	650	48	213	250	281	48	213	250	281
650	700	52	230	270	304	52	230	270	304
700	750	55	247	290	326	55	247	290	326
750	800	59	264	310	349	59	264	310	349
800	850	63	281	330	371	63	281	330	371
850	900	67	298	350	394	67	298	350	394
900	950	71	315	370	416	71	315	370	416
950	1000	75	332	390	439	75	332	390	439
1000	1050	78	349	410	461	78	349	410	461
1050	1100	82	366	430	484	82	366	430	484
1100	1150	86	383	450	506	86	383	450	506
1150	1200	90	400	470	529	90	400	470	529
1200	1250	94	417	490	551	94	417	490	551
1250	1300	98	434	510	574	98	434	510	574
1300	1350	101	451	530	596	101	451	530	596
1350	1400	105	468	550	619	105	468	550	619
1400	1450	109	485	570	641	109	485	570	641
1450	1500	113	502	590	664	113	502	590	664
1500	1550	117	519	610	686	117	519	610	686
1550	1600	120	536	630	709	120	536	630	709
1600	1650	124	553	650	731	124	553	650	731
1650	1700	128	570	670	754	128	570	670	754
1700	1750	132	587	690	776	132	587	690	776
1750	1800	136	604	710	799	136	604	710	799
1800	1850	140	621	730	821	140	621	730	821
1850	1900	143	638	750	844	143	638	750	844
1900	1950	147	655	770	866	147	655	770	866
1950	2000	151	672	790	889	151	672	790	889
2000	2050	155	689	810	911	155	689	810	911
2050	2100	159	706	830	934	159	706	830	934
2100	2150	163	723	850	956	163	723	850	956
2150	2200	166	740	870	979	166	740	870	979
2200	2250	170	757	890	1001	170	757	890	1001
2250	2300	174	774	910	1024	174	774	910	1024
2300	2350	178	791	930	1046	178	791	930	1046
2350	2400	182	808	950	1069	182	808	950	1069
2400	2450	186	825	970	1091	186	825	970	1091
2450	2500	189	842	990	1114	189	842	990	1114
2500	2550	193	859	1010	1136	193	859	1010	1136
2550	2600	197	876	1030	1159	197	876	1030	1159
2600	2650	201	893	1050	1181	201	893	1050	1181
2650	2700	205	910	1070	1204	205	910	1070	1204
2700	2750	208	927	1090	1226	208	927	1090	1226
2750	2800	212	944	1110	1249	212	944	1110	1249
2800	2850	216	961	1130	1271	216	961	1130	1271
2850	2900	220	978	1150	1294	220	978	1150	1294
2900	2950	224	995	1170	1316	224	995	1170	1316
2950	3000	228	1012	1190	1339	228	1012	1190	1339
3000	3050	231	1029	1210	1361	231	1029	1210	1361
3050	3100	235	1046	1230	1384	235	1046	1230	1384
3100	3150	239	1063	1250	1406	239	1063	1250	1406
3150	3200	243	1080	1270	1429	243	1080	1270	1429
3200	3250	247	1097	1290	1451	247	1097	1290	1451
3250	3300	251	1114	1310	1474	251	1114	1310	1474
3300	3350	254	1131	1330	1496	254	1131	1330	1496
3350	3400	258	1148	1350	1519	258	1148	1350	1519
3400	3450	262	1165	1370	1541	262	1165	1370	1541
3450	3500	266	1182	1390	1564	266	1182	1390	1564
3500	3550	270	1199	1410	1586	270	1199	1410	1586
3550	3600	273	1216	1430	1609	273	1216	1430	1609
3600	3650	277	1233	1450	1631	277	1233	1450	1631
3650	3700	281	1250	1470	1654	281	1250	1470	1654
3700	3750	285	1267	1490	1676	285	1267	1490	1676
3750	3800	289	1284	1510	1699	289	1284	1510	1699
3800	3850	293	1301	1530	1721	293	1301	1530	1721
3850	3900	296	1318	1550	1744	296	1318	1550	1744
3900	3950	300	1335	1570	1766	300	1335	1570	1766
3950	4000	304	1352	1590	1789	304	1352	1590	1789
4000	4050	308	1369	1610	1811	308	1369	1610	1811
4050	4100	312	1386	1630	1834	312	1386	1630	1834
4100	4150	316	1403	1650	1856	316	1403	1650	1856
4150	4200	319	1420	1670	1879	319	1420	1670	1879
4200	4250	323	1437	1690	1901	323	1437	1690	1901
4250	4300	327	1454	1710	1924	327	1454	1710	1924
4300	4350	331	1471	1730	1946	331	1471	1730	1946
4350	4400	335	1488	1750	1969	335	1488	1750	1969
4400	4450	339	1505	1770	1991	339	1505	1770	1991
4450	4500	342	1522	1790	2014	342	1522	1790	2014
4500	4550	346	1539	1810	2036	346	1539	1810	2036
4550	4600	350	1556	1830	2059	350	1556	1830	2059
4600	4650	354	1573	1850	2081	354	1573	1850	2081
4650	4700	358	1590	1870	2104	358	1590	1870	2104
4700	4750	361	1607	1890	2126	361	1607	1890	2126
4750	4800	365	1624	1910	2149	365	1624	1910	2149
4800	4850	369	1641	1930	2171	369	1641	1930	2171
4850	4900	373	1658	1950	2194	373	1658	1950	2194
4900	4950	377	1675	1970	2216	377	1675	1970	2216
4950	5000	381	1692	1990	2239	381	1692	1990	2239
5000	5050	384	1709	2010	2261	384	1709	2010	2261
5050	5100	388	1726	2030	2284	388	1726	2030	2284
5100	5150	392	1743	2050	2306	392	1743	2050	2306
5150	5200	396	1760	2070	2329	396	1760	2070	2329
5200	5250	400	1777	2090	2351	400	1777	2090	2351
5250	5300	404	1794	2110	2374	404	1794	2110	2374
5300	5350	407	1811	2130	2396	407	1811	2130	2396
5350	5400	411	1828	2150	2419	411	1828	2150	2419
5400	5450	415	1845	2170	2441	415	1845	2170	2441
5450	5500	419	1862	2190	2464	419	1862	2190	2464
5500	5550	423	1879	2210	2486	423	1879	2210	2486
5550	5600	426	1896	2230	2509	426	1896	2230	2509
5600	5650	430	1913	2250	2531	430	1913	2250	2531
5650	5700	434	1930	2270	2554	434	1930	2270	2554
5700	5750	438	1947	2290	2576	438	1947	2290	2576
5750	5800	442	1964	2310	2599	442	1964	2310	2599
5800	5850	446	1981	2330	2621	446	1981	2330	2621
5850	5900	449	1998	2350	2644	449	1998	2350	2644
5900	5950	453	2015	2370	2666	453	2015	2370	2666
5950	6000	457	2032	2390	2689	457	2032	2390	2689
6000	6050	461	2049	2410	2711	461	2049	2410	2711
6050	6100	465	2066	2430	2734	465	2066	2430	2734
6100	6150	469	2083	2450	2756	469	2083	2450	2756
6150	6200	472	2100	2470	2779	472	2100	2470	2779
6200	6250	476	2117	2490	2801	476	2117	2490	2801
6250	6300	480	2134	2510	2824	480	2134	2510	2824
6300	6350	484	2151	2530	2846	484	2151	2530	2846
6350	6400	488	2168	2550	2869	488	2168	2550	2869
6400	6450	492	2185	2570	2891	492	2185	2570	2891
6450	6500	496	2202	2590	2914	496	2202	2590	2914
6500	6550	496	2219	2610	2936	496	2219	2610	2936
6550	6600	496	2236	2630	2959	496	2236	2630	2959
6600	6650	496	2253	2650	2981	496	2253	2650	2981
6650	6700	496	2270	2670	3004	496	2270	2670	3004
6700	6750	496	2287	2690	3026	496	2287	2690	3026
6750	6800	496	2304	2710	3049	496	2304	2710	3049
6800	6850	496	2321	2730	3071	496	2321	2730	3071
6850	6900	496	2338	2750	3094	496	2338	2750	3094
6900	6950	496	2355	2770	3116	496	2355	2770	3116
6950	7000	496	2372	2790	3139	496	2372	2790	3139
7000	7050	496	2389	2810	3161	496	2389	2810	3161
7050	7100	496	2406	2830	3184	496	2406	2830	3184
7100	7150	496	2423	2850	3206	496	2423	2850	3206
7150	7200	496	2440	2870	3229	496	2440	2870	3229
7200	7250	496	2457	2890	3251	496	2457	2890	3251
7250	7300	496	2474	2910	3274	496	2474	2910	3274
7300	7350	496	2491	2930	3296	496	2491	2930	3296
7350	7400	496	2508	2950	3319	496	2508	2950	3319
7400	7450	496	2525	2970	3341	496	2525	2970	3341
7450	7500	496	2542	2990	3364	496	2542	2990	3364
7500	7550	496	2559	3010	3386	496	2559	3010	3386
7550	7600	496	2576	3030	3409	496	2576	3030	3409
7600	7650	496	2593	3050	3431	496	2593	3050	3431
7650	7700	496	2610	3070	3454	496	2610	3070	3454
7700	7750	496	2627	3090	3476	496	2627	3090	3476
7750	7800	496	2644	3110	3499	496	2644	3110	3499
7800	7850	496	2661	3130	3521	496	2661	3130	3521
7850	7900	496	2678	3150	3544	496	2678	3150	3544
7900	7950	496	2695	3170	3566	496	2695	3170	3566
7950	8000	496	2712	3190	3589	496	2712	3190	3589
8000	8050	496	2729	3210	3611	496	2729	3210	3611
8050	8100	496	2746	3230	3634	496	2746	3230	3634
8100	8150	496	2763	3250	3656	496	2763	3250	3656
8150	8200	491	2780	3270	3679	496	2780	3270	3679
8200	8250	487	2797	3290	3701	496	2797	3290	3701
8250	8300	483	2814	3310	3724	496	2814	3310	3724
8300	8350	479	2831	3330	3746	496	2831	3330	3746
8350	8400	475	2848	3350	3769	496	2848	3350	3769
8400	8450	472	2865	3370	3791	496	2865	3370	3791
8450	8500	468	2882	3390	3814	496	2882	3390	3814
8500	8550	464	2899	3410	3836	496	2899	3410	3836
8550	8600	460	2916	3430	3859	496	2916	3430	3859
8600	8650	456	2933	3450	3881	496	2933	3450	3881
8650	8700	452	2950	3470	3904	496	2950	3470	3904
8700	8750	449	2967	3490	3926	496	2967	3490	3926
8750	8800	445	2984	3510	3949	496	2984	3510	3949
8800	8850	441	3001	3530	3971	496	3001	3530	3971
8850	8900	437	3018	3550	3994	496	3018	3550	3994
8900	8950	433	3035	3570	4016	496	3035	3570	4016
8950	9000	430	3052	3590	4039	496	3052	3590	4039
9000	9050	426	3069	3610	4061	496	3069	3610	4061
9050	9100	422	3086	3630	4084	496	3086	3630	4084
9100	9150	418	3103	3650	4106	496	3103	3650	4106
9150	9200	414	3120	3670	4129	496	3120	3670	4129
9200	9250	410	3137	3690	4151	496	3137	3690	4151
9250	9300	407	3154	3710	4174	496	3154	3710	4174
9300	9350	403	3171	3730	4196	496	3171	3730	4196
9350	9400	399	3188	3750	4219	496	3188	3750	4219
9400	9450	395	3205	3770	4241	496	3205	3770	4241
9450	9500	391	3222	3790	4264	496	3222	3790	4264
9500	9550	387	3239	3810	4286	496	3239	3810	4286
9550	9600	384	3256	3830	4309	496	3256	3830	4309
9600	9650	380	3273	3850	4331	496	3273	3850	4331
9650	9700	376	3290	3870	4354	496	3290	3870	4354
9700	9750	372	3305	3890	4376	496	3305	3890	4376
9750	9800	368	3305	3910	4399	496	3305	3910	4399
9800	9850	365	3305	3930	4421	496	3305	3930	4421
9850	9900	361	3305	3950	4444	496	3305	3950	4444
9900	9950	357	3305	3970	4466	496	3305	3970	4466
9950	10000	353	3305	3990	4489	496	3305	3990	4489
10000	10050	349	3305	4010	4511	496	3305	4010	4511
10050	10100	345	3305	4030	4534	496	3305	4030	4534
10100	10150	342	3305	4050	4556	496	3305	4050	4556
10150	10200	338	3305	4070	4579	496	3305	4070	4579
10200	10250	334	3305	4090	4601	496	3305	4090	4601
10250	10300	330	3305	4110	4624	496	3305	4110	4624
10300	10350	326	3305	4130	4646	496	3305	4130	4646
10350	10400	322	3305	4150	4669	496	3305	4150	4669
10400	10450	319	3305	4170	4691	496	3305	4170	4691
10450	10500	315	3305	4190	4714	496	3305	4190	4714
10500	10550	311	3305	4210	4736	496	3305	4210	4736
10550	10600	307	3305	4230	4759	496	3305	4230	4759
10600	10650	303	3305	4250	4781	496	3305	4250	4781
10650	10700	299	3305	4270	4804	496	3305	4270	4804
10700	10750	296	3305	4290	4826	496	3305	4290	4826
10750	10800	292	3305	4310	4849	496	3305	4310	4849
10800	10850	288	3305	4330	4871	496	3305	4330	4871
10850	10900	284	3305	4350	4894	496	3305	4350	4894
10900	10950	280	3305	4370	4916	496	3305	4370	4916
10950	11000	277	3305	4390	4939	496	3305	4390	4939
11000	11050	273	3305	4410	4961	496	3305	4410	4961
11050	11100	269	3305	4430	4984	496	3305	4430	4984
11100	11150	265	3305	4450	5006	496	3305	4450	5006
11150	11200	261	3305	4470	5029	496	3305	4470	5029
11200	11250	257	3305	4490	5051	496	3305	4490	5051
11250	11300	254	3305	4510	5074	496	3305	4510	5074
11300	11350	250	3305	4530	5096	496	3305	4530	5096
11350	11400	246	3305	4550	5119	496	3305	4550	5119
11400	11450	242	3305	4570	5141	496	3305	4570	5141
11450	11500	238	3305	4590	5164	496	3305	4590	5164
11500	11550	234	3305	4610	5186	496	3305	4610	5186
11550	11600	231	3305	4630	5209	496	3305	4630	5209
11600	11650	227	3305	4650	5231	496	3305	4650	5231
11650	11700	223	3305	4670	5254	496	3305	4670	5254
11700	11750	219	3305	4690	5276	496	3305	4690	5276
11750	11800	215	3305	4710	5299	496	3305	4710	5299
11800	11850	212	3305	4730	5321	496	3305	4730	5321
11850	11900	208	3305	4750	5344	496	3305	4750	5344
11900	11950	204	3305	4770	5366	496	3305	4770	5366
11950	12000	200	3305	4790	5389	496	3305	4790	5389
12000	12050	196	3305	4810	5411	496	3305	4810	5411
12050	12100	192	3305	4830	5434	496	3305	4830	5434
12100	12150	189	3305	4850	5456	496	3305	4850	5456
12150	12200	185	3305	4870	5479	496	3305	4870	5479
12200	12250	181	3305	4890	5501	496	3305	4890	5501
12250	12300	177	3305	4910	5524	496	3305	4910	5524
12300	12350	173	3305	4930	5546	496	3305	4930	5546
12350	12400	169	3305	4950	5569	496	3305	4950	5569
12400	12450	166	3305	4970	5591	496	3305	4970	5591
12450	12500	162	3305	4990	5614	496	3305	4990	5614
12500	12550	158	3305	5010	5636	496	3305	5010	5636
12550	12600	154	3305	5030	5659	496	3305	5030	5659
12600	12650	150	3305	5050	5681	496	3305	5050	5681
12650	12700	146	3305	5070	5704	496	3305	5070	5704
12700	12750	143	3305	5090	5726	496	3305	5090	5726
12750	12800	139	3305	5110	5749	496	3305	5110	5749
12800	12850	135	3305	5130	5771	496	3305	5130	5771
12850	12900	131	3305	5150	5794	496	3305	5150	5794
12900	12950	127	3305	5170	5816	496	3305	5170	5816
12950	13000	124	3305	5190	5839	496	3305	5190	5839
13000	13050	120	3305	5210	5861	496	3305	5210	5861
13050	13100	116	3305	5230	5884	496	3305	5230	5884
13100	13150	112	3305	5250	5906	496	3305	5250	5906
13150	13200	108	3305	5270	5929	496	3305	5270	5929
13200	13250	104	3305	5290	5951	496	3305	5290	5951
13250	13300	101	3305	5310	5974	496	3305	5310	5974
13300	13350	97	3305	5330	5996	496	3305	5330	5996
13350	13400	93	3305	5350	6019	496	3305	5350	6019
13400	13450	89	3305	5370	6041	496	3305	5370	6041
13450	13500	85	3305	5390	6064	496	3305	5390	6064
13500	13550	81	3305	5410	6086	496	3305	5410	6086
13550	13600	78	3305	5430	6109	493	3305	5430	6109
13600	13650	74	3305	5450	6131	489	3305	5450	6131
13650	13700	70	3305	5460	6143	485	3305	5460	6143
13700	13750	66	3305	5460	6143	482	3305	5460	6143
13750	13800	62	3305	5460	6143	478	3305	5460	6143
13800	13850	59	3305	5460	6143	474	3305	5460	6143
13850	13900	55	3305	5460	6143	470	3305	5460	6143
13900	13950	51	3305	5460	6143	466	3305	5460	6143
13950	14000	47	3305	5460	6143	462	3305	5460	6143
14000	14050	43	3305	5460	6143	459	3305	5460	6143
14050	14100	39	3305	5460	6143	455	3305	5460	6143
14100	14150	36	3305	5460	6143	451	3305	5460	6143
14150	14200	32	3305	5460	6143	447	3305	5460	6143
14200	14250	28	3305	5460	6143	443	3305	5460	6143
14250	14300	24	3305	5460	6143	439	3305	5460	6143
14300	14350	20	3305	5460	6143	436	3305	5460	6143
14350	14400	16	3305	5460	6143	432	3305	5460	6143
14400	14450	13	3305	5460	6143	428	3305	5460	6143
14450	14500	9	3305	5460	6143	424	3305	5460	6143
14500	14550	5	3305	5460	6143	420	3305	5460	6143
14550	14600	*	3305	5460	6143	417	3305	5460	6143
14600	14650	0	3305	5460	6143	413	3305	5460	6143
14650	14700	0	3305	5460	6143	409	3305	5460	6143
14700	14750	0	3305	5460	6143	405	3305	5460	6143
14750	14800	0	3305	5460	6143	401	3305	5460	6143
14800	14850	0	3305	5460	6143	397	3305	5460	6143
14850	14900	0	3305	5460	6143	394	3305	5460	6143
14900	14950	0	3305	5460	6143	390	3305	5460	6143
14950	15000	0	3305	5460	6143	386	3305	5460	6143
15000	15050	0	3305	5460	6143	382	3305	5460	6143
15050	15100	0	3305	5460	6143	378	3305	5460	6143
15100	15150	0	3305	5460	6143	374	3305	5460	6143
15150	15200	0	3305	5460	6143	371	3305	5460	6143
15200	15250	0	3305	5460	6143	367	3305	5460	6143
15250	15300	0	3305	5460	6143	363	3305	5460	6143
15300	15350	0	3305	5460	6143	359	3305	5460	6143
15350	15400	0	3305	5460	6143	355	3305	5460	6143
15400	15450	0	3305	5460	6143	352	3305	5460	6143
15450	15500	0	3305	5460	6143	348	3305	5460	6143
15500	15550	0	3305	5460	6143	344	3305	5460	6143
15550	15600	0	3305	5460	6143	340	3305	5460	6143
15600	15650	0	3305	5460	6143	336	3305	5460	6143
15650	15700	0	3305	5460	6143	332	3305	5460	6143
15700	15750	0	3305	5460	6143	329	3305	5460	6143
15750	15800	0	3305	5460	6143	325	3305	5460	6143
15800	15850	0	3305	5460	6143	321	3305	5460	6143
15850	15900	0	3305	5460	6143	317	3305	5460	6143
15900	15950	0	3305	5460	6143	313	3305	5460	6143
15950	16000	0	3305	5460	6143	309	3305	5460	6143
16000	16050	0	3305	5460	6143	306	3305	5460	6143
16050	16100	0	3305	5460	6143	302	3305	5460	6143
16100	16150	0	3305	5460	6143	298	3305	5460	6143
16150	16200	0	3305	5460	6143	294	3305	5460	6143
16200	16250	0	3305	5460	6143	290	3305	5460	6143
16250	16300	0	3305	5460	6143	286	3305	5460	6143
16300	16350	0	3305	5460	6143	283	3305	5460	6143
16350	16400	0	3305	5460	6143	279	3305	5460	6143
16400	16450	0	3305	5460	6143	275	3305	5460	6143
16450	16500	0	3305	5460	6143	271	3305	5460	6143
16500	16550	0	3305	5460	6143	267	3305	5460	6143
16550	16600	0	3305	5460	6143	264	3305	5460	6143
16600	16650	0	3305	5460	6143	260	3305	5460	6143
16650	16700	0	3305	5460	6143	256	3305	5460	6143
16700	16750	0	3305	5460	6143	252	3305	5460	6143
16750	16800	0	3305	5460	6143	248	3305	5460	6143
16800	16850	0	3305	5460	6143	244	3305	5460	6143
16850	16900	0	3305	5460	6143	241	3305	5460	6143
16900	16950	0	3305	5460	6143	237	3305	5460	6143
16950	17000	0	3305	5460	6143	233	3305	5460	6143
17000	17050	0	3305	5460	6143	229	3305	5460	6143
17050	17100	0	3305	5460	6143	225	3305	5460	6143
17100	17150	0	3305	5460	6143	221	3305	5460	6143
17150	17200	0	3305	5460	6143	218	3305	5460	6143
17200	17250	0	3305	5460	6143	214	3305	5460	6143
17250	17300	0	3305	5460	6143	210	3305	5460	6143
17300	17350	0	3305	5460	6143	206	3305	5460	6143
17350	17400	0	3305	5460	6143	202	3305	5460	6143
17400	17450	0	3305	5460	6143	199	3305	5460	6143
17450	17500	0	3305	5460	6143	195	3305	5460	6143
17500	17550	0	3305	5460	6143	191	3305	5460	6143
17550	17600	0	3305	5460	6143	187	3305	5460	6143
17600	17650	0	3305	5460	6143	183	3305	5460	6143
17650	17700	0	3305	5460	6143	179	3305	5460	6143
17700	17750	0	3305	5460	6143	176	3305	5460	6143
17750	17800	0	3305	5460	6143	172	3305	5460	6143
17800	17850	0	3305	5460	6143	168	3305	5460	6143
17850	17900	0	3298	5451	6133	164	3305	5460	6143
17900	17950	0	3290	5440	6122	160	3305	5460	6143
17950	18000	0	3282	5429	6112	156	3305	5460	6143
18000	18050	0	3274	5419	6101	153	3305	5460	6143
18050	18100	0	3266	5408	6091	149	3305	5460	6143
18100	18150	0	3258	5398	6080	145	3305	5460	6143
18150	18200	0	3250	5387	6070	141	3305	5460	6143
18200	18250	0	3242	5377	6059	137	3305	5460	6143
18250	18300	0	3234	5366	6049	133	3305	5460	6143
18300	18350	0	3226	5356	6038	130	3305	5460	6143
18350	18400	0	3218	5345	6028	126	3305	5460	6143
18400	18450	0	3210	5335	6017	122	3305	5460	6143
18450	18500	0	3202	5324	6007	118	3305	5460	6143
18500	18550	0	3194	5314	5996	114	3305	5460	6143
18550	18600	0	3186	5303	5986	111	3305	5460	6143
18600	18650	0	3178	5293	5975	107	3305	5460	6143
18650	18700	0	3170	5282	5965	103	3305	5460	6143
18700	18750	0	3162	5272	5954	99	3305	5460	6143
18750	18800	0	3154	5261	5943	95	3305	5460	6143
18800	18850	0	3146	5250	5933	91	3305	5460	6143
18850	18900	0	3138	5240	5922	88	3305	5460	6143
18900	18950	0	3130	5229	5912	84	3305	5460	6143
18950	19000	0	3122	5219	5901	80	3305	5460	6143
19000	19050	0	3114	5208	5891	76	3305	5460	6143
19050	19100	0	3106	5198	5880	72	3305	5460	6143
19100	19150	0	3098	5187	5870	68	3305	5460	6143
19150	19200	0	3090	5177	5859	65	3305	5460	6143
19200	19250	0	3082	5166	5849	61	3305	5460	6143
19250	19300	0	3074	5156	5838	57	3305	5460	6143
19300	19350	0	3066	5145	5828	53	3305	5460	6143
19350	19400	0	3058	5135	5817	49	3305	5460	6143
19400	19450	0	3050	5124	5807	46	3305	5460	6143
19450	19500	0	3042	5114	5796	42	3305	5460	6143
19500	19550	0	3034	5103	5786	38	3305	5460	6143
19550	19600	0	3026	5093	5775	34	3305	5460	6143
19600	19650	0	3018	5082	5764	30	3305	5460	6143
19650	19700	0	3010	5071	5754	26	3305	5460	6143
19700	19750	0	3002	5061	5743	23	3305	5460	6143
19750	19800	0	2994	5050	5733	19	3305	5460	6143
19800	19850	0	2986	5040	5722	15	3305	5460	6143
19850	19900	0	2978	5029	5712	11	3305	5460	6143
19900	19950	0	2970	5019	5701	7	3305	5460	6143
19950	20000	0	2962	5008	5691	3	3305	5460	6143
20000	20050	0	2954	4998	5680	*	3305	5460	6143
20050	20100	0	2946	4987	5670	0	3305	5460	6143
20100	20150	0	2938	4977	5659	0	3305	5460	6143
20150	20200	0	2930	4966	5649	0	3305	5460	6143
20200	20250	0	2922	4956	5638	0	3305	5460	6143
20250	20300	0	2914	4945	5628	0	3305	5460	6143
20300	20350	0	2906	4935	5617	0	3305	5460	6143
20350	20400	0	2898	4924	5607	0	3305	5460	6143
20400	20450	0	2890	4913	5596	0	3305	5460	6143
20450	20500	0	2882	4903	5585	0	3305	5460	6143
20500	20550	0	2874	4892	5575	0	3305	5460	6143
20550	20600	0	2866	4882	5564	0	3305	5460	6143
20600	20650	0	2858	4871	5554	0	3305	5460	6143
20650	20700	0	2850	4861	5543	0	3305	5460	6143
20700	20750	0	2842	4850	5533	0	3305	5460	6143
20750	20800	0	2834	4840	5522	0	3305	5460	6143
20800	20850	0	2826	4829	5512	0	3305	5460	6143
20850	20900	0	2818	4819	5501	0	3305	5460	6143
20900	20950	0	2810	4808	5491	0	3305	5460	6143
20950	21000	0	2802	4798	5480	0	3305	5460	6143
21000	21050	0	2794	4787	5470	0	3305	5460	6143
21050	21100	0	2786	4777	5459	0	3305	5460	6143
21100	21150	0	2778	4766	5449	0	3305	5460	6143
21150	21200	0	2770	4756	5438	0	3305	5460	6143
21200	21250	0	2762	4745	5428	0	3305	5460	6143
21250	21300	0	2754	4734	5417	0	3305	5460	6143
21300	21350	0	2746	4724	5406	0	3305	5460	6143
21350	21400	0	2738	4713	5396	0	3305	5460	6143
21400	21450	0	2730	4703	5385	0	3305	5460	6143
21450	21500	0	2722	4692	5375	0	3305	5460	6143
21500	21550	0	2714	4682	5364	0	3305	5460	6143
21550	21600	0	2706	4671	5354	0	3305	5460	6143
21600	21650	0	2698	4661	5343	0	3305	5460	6143
21650	21700	0	2690	4650	5333	0	3305	5460	6143
21700	21750	0	2682	4640	5322	0	3305	5460	6143
21750	21800	0	2674	4629	5312	0	3305	5460	6143
21800	21850	0	2666	4619	5301	0	3305	5460	6143
21850	21900	0	2658	4608	5291	0	3305	5460	6143
21900	21950	0	2650	4598	5280	0	3305	5460	6143
21950	22000	0	2642	4587	5270	0	3305	5460	6143
22000	22050	0	2634	4577	5259	0	3305	5460	6143
22050	22100	0	2626	4566	5249	0	3305	5460	6143
22100	22150	0	2618	4555	5238	0	3305	5460	6143
22150	22200	0	2610	4545	5227	0	3305	5460	6143
22200	22250	0	2602	4534	5217	0	3305	5460	6143
22250	22300	0	2594	4524	5206	0	3305	5460	6143
22300	22350	0	2586	4513	5196	0	3305	5460	6143
22350	22400	0	2579	4503	5185	0	3305	5460	6143
22400	22450	0	2571	4492	5175	0	3305	5460	6143
22450	22500	0	2563	4482	5164	0	3305	5460	6143
22500	22550	0	2555	4471	5154	0	3305	5460	6143
22550	22600	0	2547	4461	5143	0	3305	5460	6143
22600	22650	0	2539	4450	5133	0	3305	5460	6143
22650	22700	0	2531	4440	5122	0	3305	5460	6143
22700	22750	0	2523	4429	5112	0	3305	5460	6143
22750	22800	0	2515	4419	5101	0	3305	5460	6143
22800	22850	0	2507	4408	5091	0	3305	5460	6143
22850	22900	0	2499	4398	5080	0	3305	5460	6143
22900	22950	0	2491	4387	5069	0	3305	5460	6143
22950	23000	0	2483	4376	5059	0	3305	5460	6143
23000	23050	0	2475	4366	5048	0	3305	5460	6143
23050	23100	0	2467	4355	5038	0	3305	5460	6143
23100	23150	0	2459	4345	5027	0	3305	5460	6143
23150	23200	0	2451	4334	5017	0	3305	5460	6143
23200	23250	0	2443	4324	5006	0	3305	5460	6143
23250	23300	0	2435	4313	4996	0	3305	5460	6143
23300	23350	0	2427	4303	4985	0	3294	5446	6129
23350	23400	0	2419	4292	4975	0	3286	5436	6118
23400	23450	0	2411	4282	4964	0	3278	5425	6108
23450	23500	0	2403	4271	4954	0	3270	5415	6097
23500	23550	0	2395	4261	4943	0	3262	5404	6087
23550	23600	0	2387	4250	4933	0	3254	5394	6076
23600	23650	0	2379	4240	4922	0	3246	5383	6066
23650	23700	0	2371	4229	4912	0	3238	5373	6055
23700	23750	0	2363	4219	4901	0	3230	5362	6045
23750	23800	0	2355	4208	4890	0	3223	5352	6034
23800	23850	0	2347	4197	4880	0	3215	5341	6024
23850	23900	0	2339	4187	4869	0	3207	5330	6013
23900	23950	0	2331	4176	4859	0	3199	5320	6002
23950	24000	0	2323	4166	4848	0	3191	5309	5992
24000	24050	0	2315	4155	4838	0	3183	5299	5981
24050	24100	0	2307	4145	4827	0	3175	5288	5971
24100	24150	0	2299	4134	4817	0	3167	5278	5960
24150	24200	0	2291	4124	4806	0	3159	5267	5950
24200	24250	0	2283	4113	4796	0	3151	5257	5939
24250	24300	0	2275	4103	4785	0	3143	5246	5929
24300	24350	0	2267	4092	4775	0	3135	5236	5918
24350	24400	0	2259	4082	4764	0	3127	5225	5908
24400	24450	0	2251	4071	4754	0	3119	5215	5897
24450	24500	0	2243	4061	4743	0	3111	5204	5887
24500	24550	0	2235	4050	4733	0	3103	5194	5876
24550	24600	0	2227	4040	4722	0	3095	5183	5866
24600	24650	0	2219	4029	4711	0	3087	5173	5855
24650	24700	0	2211	4018	4701	0	3079	5162	5845
24700	24750	0	2203	4008	4690	0	3071	5151	5834
24750	24800	0	2195	3997	4680	0	3063	5141	5823
24800	24850	0	2187	3987	4669	0	3055	5130	5813
24850	24900	0	2179	3976	4659	0	3047	5120	5802
24900	24950	0	2171	3966	4648	0	3039	5109	5792
24950	25000	0	2163	3955	4638	0	3031	5099	5781
25000	25050	0	2155	3945	4627	0	3023	5088	5771
25050	25100	0	2147	3934	4617	0	3015	5078	5760
25100	25150	0	2139	3924	4606	0	3007	5067	5750
25150	25200	0	2131	3913	4596	0	2999	5057	5739
25200	25250	0	2123	3903	4585	0	2991	5046	5729
25250	25300	0	2115	3892	4575	0	2983	5036	5718
25300	25350	0	2107	3882	4564	0	2975	5025	5708
25350	25400	0	2099	3871	4554	0	2967	5015	5697
25400	25450	0	2091	3860	4543	0	2959	5004	5687
25450	25500	0	2083	3850	4532	0	2951	4994	5676
25500	25550	0	2075	3839	4522	0	2943	4983	5665
25550	25600	0	2067	3829	4511	0	2935	4972	5655
25600	25650	0	2059	3818	4501	0	2927	4962	5644
25650	25700	0	2051	3808	4490	0	2919	4951	5634
25700	25750	0	2043	3797	4480	0	2911	4941	5623
25750	25800	0	2035	3787	4469	0	2903	4930	5613
25800	25850	0	2027	3776	4459	0	2895	4920	5602
25850	25900	0	2019	3766	4448	0	2887	4909	5592
25900	25950	0	2011	3755	4438	0	2879	4899	5581
25950	26000	0	2003	3745	4427	0	2871	4888	5571
26000	26050	0	1995	3734	4417	0	2863	4878	5560
26050	26100	0	1987	3724	4406	0	2855	4867	5550
26100	26150	0	1979	3713	4396	0	2847	4857	5539
26150	26200	0	1971	3703	4385	0	2839	4846	5529
26200	26250	0	1963	3692	4375	0	2831	4836	5518
26250	26300	0	1955	3681	4364	0	2823	4825	5508
26300	26350	0	1947	3671	4353	0	2815	4815	5497
26350	26400	0	1939	3660	4343	0	2807	4804	5486
26400	26450	0	1931	3650	4332	0	2799	4793	5476
26450	26500	0	1923	3639	4322	0	2791	4783	5465
26500	26550	0	1915	3629	4311	0	2783	4772	5455
26550	26600	0	1907	3618	4301	0	2775	4762	5444
26600	26650	0	1899	3608	4290	0	2767	4751	5434
26650	26700	0	1891	3597	4280	0	2759	4741	5423
26700	26750	0	1883	3587	4269	0	2751	4730	5413
26750	26800	0	1875	3576	4259	0	2743	4720	5402
26800	26850	0	1867	3566	4248	0	2735	4709	5392
26850	26900	0	1859	3555	4238	0	2727	4699	5381
26900	26950	0	1851	3545	4227	0	2719	4688	5371
26950	27000	0	1843	3534	4217	0	2711	4678	5360
27000	27050	0	1835	3524	4206	0	2703	4667	5350
27050	27100	0	1827	3513	4196	0	2695	4657	5339
27100	27150	0	1819	3502	4185	0	2687	4646	5329
27150	27200	0	1811	3492	4174	0	2679	4636	5318
27200	27250	0	1803	3481	4164	0	2671	4625	5307
27250	27300	0	1795	3471	4153	0	2663	4614	5297
27300	27350	0	1787	3460	4143	0	2655	4604	5286
27350	27400	0	1780	3450	4132	0	2647	4593	5276
27400	27450	0	1772	3439	4122	0	2639	4583	5265
27450	27500	0	1764	3429	4111	0	2631	4572	5255
27500	27550	0	1756	3418	4101	0	2623	4562	5244
27550	27600	0	1748	3408	4090	0	2615	4551	5234
27600	27650	0	1740	3397	4080	0	2607	4541	5223
27650	27700	0	1732	3387	4069	0	2599	4530	5213
27700	27750	0	1724	3376	4059	0	2591	4520	5202
27750	27800	0	1716	3366	4048	0	2583	4509	5192
27800	27850	0	1708	3355	4038	0	2575	4499	5181
27850	27900	0	1700	3345	4027	0	2567	4488	5171
27900	27950	0	1692	3334	4016	0	2559	4478	5160
27950	28000	0	1684	3323	4006	0	2551	4467	5150
28000	28050	0	1676	3313	3995	0	2543	4456	5139
28050	28100	0	1668	3302	3985	0	2535	4446	5128
28100	28150	0	1660	3292	3974	0	2527	4435	5118
28150	28200	0	1652	3281	3964	0	2519	4425	5107
28200	28250	0	1644	3271	3953	0	2511	4414	5097
28250	28300	0	1636	3260	3943	0	2503	4404	5086
28300	28350	0	1628	3250	3932	0	2495	4393	5076
28350	28400	0	1620	3239	3922	0	2487	4383	5065
28400	28450	0	1612	3229	3911	0	2479	4372	5055
28450	28500	0	1604	3218	3901	0	2471	4362	5044
28500	28550	0	1596	3208	3890	0	2463	4351	5034
28550	28600	0	1588	3197	3880	0	2455	4341	5023
28600	28650	0	1580	3187	3869	0	2447	4330	5013
28650	28700	0	1572	3176	3859	0	2439	4320	5002
28700	28750	0	1564	3166	3848	0	2431	4309	4992
28750	28800	0	1556	3155	3837	0	2424	4299	4981
28800	28850	0	1548	3144	3827	0	2416	4288	4971
28850	28900	0	1540	3134	3816	0	2408	4277	4960
28900	28950	0	1532	3123	3806	0	2400	4267	4949
28950	29000	0	1524	3113	3795	0	2392	4256	4939
29000	29050	0	1516	3102	3785	0	2384	4246	4928
29050	29100	0	1508	3092	3774	0	2376	4235	4918
29100	29150	0	1500	3081	3764	0	2368	4225	4907
29150	29200	0	1492	3071	3753	0	2360	4214	4897
29200	29250	0	1484	3060	3743	0	2352	4204	4886
29250	29300	0	1476	3050	3732	0	2344	4193	4876
29300	29350	0	1468	3039	3722	0	2336	4183	4865
29350	29400	0	1460	3029	3711	0	2328	4172	4855
29400	29450	0	1452	3018	3701	0	2320	4162	4844
29450	29500	0	1444	3008	3690	0	2312	4151	4834
29500	29550	0	1436	2997	3680	0	2304	4141	4823
29550	29600	0	1428	2987	3669	0	2296	4130	4813
29600	29650	0	1420	2976	3658	0	2288	4120	4802
29650	29700	0	1412	2965	3648	0	2280	4109	4792
29700	29750	0	1404	2955	3637	0	2272	4098	4781
29750	29800	0	1396	2944	3627	0	2264	4088	4770
29800	29850	0	1388	2934	3616	0	2256	4077	4760
29850	29900	0	1380	2923	3606	0	2248	4067	4749
29900	29950	0	1372	2913	3595	0	2240	4056	4739
29950	30000	0	1364	2902	3585	0	2232	4046	4728
30000	30050	0	1356	2892	3574	0	2224	4035	4718
30050	30100	0	1348	2881	3564	0	2216	4025	4707
30100	30150	0	1340	2871	3553	0	2208	4014	4697
30150	30200	0	1332	2860	3543	0	2200	4004	4686
30200	30250	0	1324	2850	3532	0	2192	3993	4676
30250	30300	0	1316	2839	3522	0	2184	3983	4665
30300	30350	0	1308	2829	3511	0	2176	3972	4655
30350	30400	0	1300	2818	3501	0	2168	3962	4644
30400	30450	0	1292	2807	3490	0	2160	3951	4634
30450	30500	0	1284	2797	3479	0	2152	3941	4623
30500	30550	0	1276	2786	3469	0	2144	3930	4612
30550	30600	0	1268	2776	3458	0	2136	3919	4602
30600	30650	0	1260	2765	3448	0	2128	3909	4591
30650	30700	0	1252	2755	3437	0	2120	3898	4581
30700	30750	0	1244	2744	3427	0	2112	3888	4570
30750	30800	0	1236	2734	3416	0	2104	3877	4560
30800	30850	0	1228	2723	3406	0	2096	3867	4549
30850	30900	0	1220	2713	3395	0	2088	3856	4539
30900	30950	0	1212	2702	3385	0	2080	3846	4528
30950	31000	0	1204	2692	3374	0	2072	3835	4518
31000	31050	0	1196	2681	3364	0	2064	3825	4507
31050	31100	0	1188	2671	3353	0	2056	3814	4497
31100	31150	0	1180	2660	3343	0	2048	3804	4486
31150	31200	0	1172	2650	3332	0	2040	3793	4476
31200	31250	0	1164	2639	3322	0	2032	3783	4465
31250	31300	0	1156	2628	3311	0	2024	3772	4455
31300	31350	0	1148	2618	3300	0	2016	3762	4444
31350	31400	0	1140	2607	3290	0	2008	3751	4433
31400	31450	0	1132	2597	3279	0	2000	3740	4423
31450	31500	0	1124	2586	3269	0	1992	3730	4412
31500	31550	0	1116	2576	3258	0	1984	3719	4402
31550	31600	0	1108	2565	3248	0	1976	3709	4391
31600	31650	0	1100	2555	3237	0	1968	3698	4381
31650	31700	0	1092	2544	3227	0	1960	3688	4370
31700	31750	0	1084	2534	3216	0	1952	3677	4360
31750	31800	0	1076	2523	3206	0	1944	3667	4349
31800	31850	0	1068	2513	3195	0	1936	3656	4339
31850	31900	0	1060	2502	3185	0	1928	3646	4328
31900	31950	0	1052	2492	3174	0	1920	3635	4318
31950	32000	0	1044	2481	3164	0	1912	3625	4307
32000	32050	0	1036	2471	3153	0	1904	3614	4297
32050	32100	0	1028	2460	3143	0	1896	3604	4286
32100	32150	0	1020	2449	3132	0	1888	3593	4276
32150	32200	0	1012	2439	3121	0	1880	3583	4265
32200	32250	0	1004	2428	3111	0	1872	3572	4254
32250	32300	0	996	2418	3100	0	1864	3561	4244
32300	32350	0	988	2407	3090	0	1856	3551	4233
32350	32400	0	981	2397	3079	0	1848	3540	4223
32400	32450	0	973	2386	3069	0	1840	3530	4212
32450	32500	0	965	2376	3058	0	1832	3519	4202
32500	32550	0	957	2365	3048	0	1824	3509	4191
32550	32600	0	949	2355	3037	0	1816	3498	4181
32600	32650	0	941	2344	3027	0	1808	3488	4170
32650	32700	0	933	2334	3016	0	1800	3477	4160
32700	32750	0	925	2323	3006	0	1792	3467	4149
32750	32800	0	917	2313	2995	0	1784	3456	4139
32800	32850	0	909	2302	2985	0	1776	3446	4128
32850	32900	0	901	2292	2974	0	1768	3435	4118
32900	32950	0	893	2281	2963	0	1760	3425	4107
32950	33000	0	885	2270	2953	0	1752	3414	4097
33000	33050	0	877	2260	2942	0	1744	3403	4086
33050	33100	0	869	2249	2932	0	1736	3393	4075
33100	33150	0	861	2239	2921	0	1728	3382	4065
33150	33200	0	853	2228	2911	0	1720	3372	4054
33200	33250	0	845	2218	2900	0	1712	3361	4044
33250	33300	0	837	2207	2890	0	1704	3351	4033
33300	33350	0	829	2197	2879	0	1696	3340	4023
33350	33400	0	821	2186	2869	0	1688	3330	4012
33400	33450	0	813	2176	2858	0	1680	3319	4002
33450	33500	0	805	2165	2848	0	1672	3309	3991
33500	33550	0	797	2155	2837	0	1664	3298	3981
33550	33600	0	789	2144	2827	0	1656	3288	3970
33600	33650	0	781	2134	2816	0	1648	3277	3960
33650	33700	0	773	2123	2806	0	1640	3267	3949
33700	33750	0	765	2113	2795	0	1632	3256	3939
33750	33800	0	757	2102	2784	0	1625	3246	3928
33800	33850	0	749	2091	2774	0	1617	3235	3918
33850	33900	0	741	2081	2763	0	1609	3224	3907
33900	33950	0	733	2070	2753	0	1601	3214	3896
33950	34000	0	725	2060	2742	0	1593	3203	3886
34000	34050	0	717	2049	2732	0	1585	3193	3875
34050	34100	0	709	2039	2721	0	1577	3182	3865
34100	34150	0	701	2028	2711	0	1569	3172	3854
34150	34200	0	693	2018	2700	0	1561	3161	3844
34200	34250	0	685	2007	2690	0	1553	3151	3833
34250	34300	0	677	1997	2679	0	1545	3140	3823
34300	34350	0	669	1986	2669	0	1537	3130	3812
34350	34400	0	661	1976	2658	0	1529	3119	3802
34400	34450	0	653	1965	2648	0	1521	3109	3791
34450	34500	0	645	1955	2637	0	1513	3098	3781
34500	34550	0	637	1944	2627	0	1505	3088	3770
34550	34600	0	629	1934	2616	0	1497	3077	3760
34600	34650	0	621	1923	2605	0	1489	3067	3749
34650	34700	0	613	1912	2595	0	1481	3056	3739
34700	34750	0	605	1902	2584	0	1473	3045	3728
34750	34800	0	597	1891	2574	0	1465	3035	3717
34800	34850	0	589	1881	2563	0	1457	3024	3707
34850	34900	0	581	1870	2553	0	1449	3014	3696
34900	34950	0	573	1860	2542	0	1441	3003	3686
34950	35000	0	565	1849	2532	0	1433	2993	3675
35000	35050	0	557	1839	2521	0	1425	2982	3665
35050	35100	0	549	1828	2511	0	1417	2972	3654
35100	35150	0	541	1818	2500	0	1409	2961	3644
35150	35200	0	533	1807	2490	0	1401	2951	3633
35200	35250	0	525	1797	2479	0	1393	2940	3623
35250	35300	0	517	1786	2469	0	1385	2930	3612
35300	35350	0	509	1776	2458	0	1377	2919	3602
35350	35400	0	501	1765	2448	0	1369	2909	3591
35400	35450	0	493	1754	2437	0	1361	2898	3581
35450	35500	0	485	1744	2426	0	1353	2888	3570
35500	35550	0	477	1733	2416	0	1345	2877	3559
35550	35600	0	469	1723	2405	0	1337	2866	3549
35600	35650	0	461	1712	2395	0	1329	2856	3538
35650	35700	0	453	1702	2384	0	1321	2845	3528
35700	35750	0	445	1691	2374	0	1313	2835	3517
35750	35800	0	437	1681	2363	0	1305	2824	3507
35800	35850	0	429	1670	2353	0	1297	2814	3496
35850	35900	0	421	1660	2342	0	1289	2803	3486
35900	35950	0	413	1649	2332	0	1281	2793	3475
35950	36000	0	405	1639	2321	0	1273	2782	3465
36000	36050	0	397	1628	2311	0	1265	2772	3454
36050	36100	0	389	1618	2300	0	1257	2761	3444
36100	36150	0	381	1607	2290	0	1249	2751	3433
36150	36200	0	373	1597	2279	0	1241	2740	3423
36200	36250	0	365	1586	2269	0	1233	2730	3412
36250	36300	0	357	1575	2258	0	1225	2719	3402
36300	36350	0	349	1565	2247	0	1217	2709	3391
36350	36400	0	341	1554	2237	0	1209	2698	3380
36400	36450	0	333	1544	2226	0	1201	2687	3370
36450	36500	0	325	1533	2216	0	1193	2677	3359
36500	36550	0	317	1523	2205	0	1185	2666	3349
36550	36600	0	309	1512	2195	0	1177	2656	3338
36600	36650	0	301	1502	2184	0	1169	2645	3328
36650	36700	0	293	1491	2174	0	1161	2635	3317
36700	36750	0	285	1481	2163	0	1153	2624	3307
36750	36800	0	277	1470	2153	0	1145	2614	3296
36800	36850	0	269	1460	2142	0	1137	2603	3286
36850	36900	0	261	1449	2132	0	1129	2593	3275
36900	36950	0	253	1439	2121	0	1121	2582	3265
36950	37000	0	245	1428	2111	0	1113	2572	3254
37000	37050	0	237	1418	2100	0	1105	2561	3244
37050	37100	0	229	1407	2090	0	1097	2551	3233
37100	37150	0	221	1396	2079	0	1089	2540	3223
37150	37200	0	213	1386	2068	0	1081	2530	3212
37200	37250	0	205	1375	2058	0	1073	2519	3201
37250	37300	0	197	1365	2047	0	1065	2508	3191
37300	37350	0	189	1354	2037	0	1057	2498	3180
37350	37400	0	182	1344	2026	0	1049	2487	3170
37400	37450	0	174	1333	2016	0	1041	2477	3159
37450	37500	0	166	1323	2005	0	1033	2466	3149
37500	37550	0	158	1312	1995	0	1025	2456	3138
37550	37600	0	150	1302	1984	0	1017	2445	3128
37600	37650	0	142	1291	1974	0	1009	2435	3117
37650	37700	0	134	1281	1963	0	1001	2424	3107
37700	37750	0	126	1270	1953	0	993	2414	3096
37750	37800	0	118	1260	1942	0	985	2403	3086
37800	37850	0	110	1249	1932	0	977	2393	3075
37850	37900	0	102	1239	1921	0	969	2382	3065
37900	37950	0	94	1228	1910	0	961	2372	3054
37950	38000	0	86	1217	1900	0	953	2361	3044
38000	38050	0	78	1207	1889	0	945	2350	3033
38050	38100	0	70	1196	1879	0	937	2340	3022
38100	38150	0	62	1186	1868	0	929	2329	3012
38150	38200	0	54	1175	1858	0	921	2319	3001
38200	38250	0	46	1165	1847	0	913	2308	2991
38250	38300	0	38	1154	1837	0	905	2298	2980
38300	38350	0	30	1144	1826	0	897	2287	2970
38350	38400	0	22	1133	1816	0	889	2277	2959
38400	38450	0	14	1123	1805	0	881	2266	2949
38450	38500	0	6	1112	1795	0	873	2256	2938
38500	38550	0	*	1102	1784	0	865	2245	2928
38550	38600	0	0	1091	1774	0	857	2235	2917
38600	38650	0	0	1081	1763	0	849	2224	2907
38650	38700	0	0	1070	1753	0	841	2214	2896
38700	38750	0	0	1060	1742	0	833	2203	2886
38750	38800	0	0	1049	1731	0	826	2193	2875
38800	38850	0	0	1038	1721	0	818	2182	2865
38850	38900	0	0	1028	1710	0	810	2171	2854
38900	38950	0	0	1017	1700	0	802	2161	2843
38950	39000	0	0	1007	1689	0	794	2150	2833
39000	39050	0	0	996	1679	0	786	2140	2822
39050	39100	0	0	986	1668	0	778	2129	2812
39100	39150	0	0	975	1658	0	770	2119	2801
39150	39200	0	0	965	1647	0	762	2108	2791
39200	39250	0	0	954	1637	0	754	2098	2780
39250	39300	0	0	944	1626	0	746	2087	2770
39300	39350	0	0	933	1616	0	738	2077	2759
39350	39400	0	0	923	1605	0	730	2066	2749
39400	39450	0	0	912	1595	0	722	2056	2738
39450	39500	0	0	902	1584	0	714	2045	2728
39500	39550	0	0	891	1574	0	706	2035	2717
39550	39600	0	0	881	1563	0	698	2024	2707
39600	39650	0	0	870	1552	0	690	2014	2696
39650	39700	0	0	859	1542	0	682	2003	2686
39700	39750	0	0	849	1531	0	674	1992	2675
39750	39800	0	0	838	1521	0	666	1982	2664
39800	39850	0	0	828	1510	0	658	1971	2654
39850	39900	0	0	817	1500	0	650	1961	2643
39900	39950	0	0	807	1489	0	642	1950	2633
39950	40000	0	0	796	1479	0	634	1940	2622
40000	40050	0	0	786	1468	0	626	1929	2612
40050	40100	0	0	775	1458	0	618	1919	2601
40100	40150	0	0	765	1447	0	610	1908	2591
40150	40200	0	0	754	1437	0	602	1898	2580
40200	40250	0	0	744	1426	0	594	1887	2570
40250	40300	0	0	733	1416	0	586	1877	2559
40300	40350	0	0	723	1405	0	578	1866	2549
40350	40400	0	0	712	1395	0	570	1856	2538
40400	40450	0	0	701	1384	0	562	1845	2528
40450	40500	0	0	691	1373	0	554	1835	2517
40500	40550	0	0	680	1363	0	546	1824	2506
40550	40600	0	0	670	1352	0	538	1813	2496
40600	40650	0	0	659	1342	0	530	1803	2485
40650	40700	0	0	649	1331	0	522	1792	2475
40700	40750	0	0	638	1321	0	514	1782	2464
40750	40800	0	0	628	1310	0	506	1771	2454
40800	40850	0	0	617	1300	0	498	1761	2443
40850	40900	0	0	607	1289	0	490	1750	2433
40900	40950	0	0	596	1279	0	482	1740	2422
40950	41000	0	0	586	1268	0	474	1729	2412
41000	41050	0	0	575	1258	0	466	1719	2401
41050	41100	0	0	565	1247	0	458	1708	2391
41100	41150	0	0	554	1237	0	450	1698	2380
41150	41200	0	0	544	1226	0	442	1687	2370
41200	41250	0	0	533	1216	0	434	1677	2359
41250	41300	0	0	522	1205	0	426	1666	2349
41300	41350	0	0	512	1194	0	418	1656	2338
41350	41400	0	0	501	1184	0	410	1645	2327
41400	41450	0	0	491	1173	0	402	1634	2317
41450	41500	0	0	480	1163	0	394	1624	2306
41500	41550	0	0	470	1152	0	386	1613	2296
41550	41600	0	0	459	1142	0	378	1603	2285
41600	41650	0	0	449	1131	0	370	1592	2275
41650	41700	0	0	438	1121	0	362	1582	2264
41700	41750	0	0	428	1110	0	354	1571	2254
41750	41800	0	0	417	1100	0	346	1561	2243
41800	41850	0	0	407	1089	0	338	1550	2233
41850	41900	0	0	396	1079	0	330	1540	2222
41900	41950	0	0	386	1068	0	322	1529	2212
41950	42000	0	0	375	1058	0	314	1519	2201
42000	42050	0	0	365	1047	0	306	1508	2191
42050	42100	0	0	354	1037	0	298	1498	2180
42100	42150	0	0	343	1026	0	290	1487	2170
42150	42200	0	0	333	1015	0	282	1477	2159
42200	42250	0	0	322	1005	0	274	1466	2148
42250	42300	0	0	312	994	0	266	1455	2138
42300	42350	0	0	301	984	0	258	1445	2127
42350	42400	0	0	291	973	0	250	1434	2117
42400	42450	0	0	280	963	0	242	1424	2106
42450	42500	0	0	270	952	0	234	1413	2096
42500	42550	0	0	259	942	0	226	1403	2085
42550	42600	0	0	249	931	0	218	1392	2075
42600	42650	0	0	238	921	0	210	1382	2064
42650	42700	0	0	228	910	0	202	1371	2054
42700	42750	0	0	217	900	0	194	1361	2043
42750	42800	0	0	207	889	0	186	1350	2033
42800	42850	0	0	196	879	0	178	1340	2022
42850	42900	0	0	186	868	0	170	1329	2012
42900	42950	0	0	175	857	0	162	1319	2001
42950	43000	0	0	164	847	0	154	1308	1991
43000	43050	0	0	154	836	0	146	1297	1980
43050	43100	0	0	143	826	0	138	1287	1969
43100	43150	0	0	133	815	0	130	1276	1959
43150	43200	0	0	122	805	0	122	1266	1948
43200	43250	0	0	112	794	0	114	1255	1938
43250	43300	0	0	101	784	0	106	1245	1927
43300	43350	0	0	91	773	0	98	1234	1917
43350	43400	0	0	80	763	0	90	1224	1906
43400	43450	0	0	70	752	0	82	1213	1896
43450	43500	0	0	59	742	0	74	1203	1885
43500	43550	0	0	49	731	0	66	1192	1875
43550	43600	0	0	38	721	0	58	1182	1864
43600	43650	0	0	28	710	0	50	1171	1854
43650	43700	0	0	17	700	0	42	1161	1843
43700	43750	0	0	7	689	0	34	1150	1833
43750	43800	0	0	*	678	0	27	1140	1822
43800	43850	0	0	0	668	0	19	1129	1812
43850	43900	0	0	0	657	0	11	1118	1801
43900	43950	0	0	0	647	0	**	1108	1790
43950	44000	0	0	0	636	0	0	1097	1780
44000	44050	0	0	0	626	0	0	1087	1769
44050	44100	0	0	0	615	0	0	1076	1759
44100	44150	0	0	0	605	0	0	1066	1748
44150	44200	0	0	0	594	0	0	1055	1738
44200	44250	0	0	0	584	0	0	1045	1727
44250	44300	0	0	0	573	0	0	1034	1717
44300	44350	0	0	0	563	0	0	1024	1706
44350	44400	0	0	0	552	0	0	1013	1696
44400	44450	0	0	0	542	0	0	1003	1685
44450	44500	0	0	0	531	0	0	992	1675
44500	44550	0	0	0	521	0	0	982	1664
44550	44600	0	0	0	510	0	0	971	1654
44600	44650	0	0	0	499	0	0	961	1643
44650	44700	0	0	0	489	0	0	950	1633
44700	44750	0	0	0	478	0	0	939	1622
44750	44800	0	0	0	468	0	0	929	1611
44800	44850	0	0	0	457	0	0	918	1601
44850	44900	0	0	0	447	0	0	908	1590
44900	44950	0	0	0	436	0	0	897	1580
44950	45000	0	0	0	426	0	0	887	1569
45000	45050	0	0	0	415	0	0	876	1559
45050	45100	0	0	0	405	0	0	866	1548
45100	45150	0	0	0	394	0	0	855	1538
45150	45200	0	0	0	384	0	0	845	1527
45200	45250	0	0	0	373	0	0	834	1517
45250	45300	0	0	0	363	0	0	824	1506
45300	45350	0	0	0	352	0	0	813	1496
45350	45400	0	0	0	342	0	0	803	1485
45400	45450	0	0	0	331	0	0	792	1475
45450	45500	0	0	0	320	0	0	782	1464
45500	45550	0	0	0	310	0	0	771	1453
45550	45600	0	0	0	299	0	0	760	1443
45600	45650	0	0	0	289	0	0	750	1432
45650	45700	0	0	0	278	0	0	739	1422
45700	45750	0	0	0	268	0	0	729	1411
45750	45800	0	0	0	257	0	0	718	1401
45800	45850	0	0	0	247	0	0	708	1390
45850	45900	0	0	0	236	0	0	697	1380
45900	45950	0	0	0	226	0	0	687	1369
45950	46000	0	0	0	215	0	0	676	1359
46000	46050	0	0	0	205	0	0	666	1348
46050	46100	0	0	0	194	0	0	655	1338
46100	46150	0	0	0	184	0	0	645	1327
46150	46200	0	0	0	173	0	0	634	1317
46200	46250	0	0	0	163	0	0	624	1306
46250	46300	0	0	0	152	0	0	613	1296
46300	46350	0	0	0	141	0	0	603	1285
46350	46400	0	0	0	131	0	0	592	1274
46400	46450	0	0	0	120	0	0	581	1264
46450	46500	0	0	0	110	0	0	571	1253
46500	46550	0	0	0	99	0	0	560	1243
46550	46600	0	0	0	89	0	0	550	1232
46600	46650	0	0	0	78	0	0	539	1222
46650	46700	0	0	0	68	0	0	529	1211
46700	46750	0	0	0	57	0	0	518	1201
46750	46800	0	0	0	47	0	0	508	1190
46800	46850	0	0	0	36	0	0	497	1180
46850	46900	0	0	0	26	0	0	487	1169
46900	46950	0	0	0	15	0	0	476	1159
46950	47000	0	0	0	*	0	0	466	1148
47000	47050	0	0	0	0	0	0	455	1138
47050	47100	0	0	0	0	0	0	445	1127
47100	47150	0	0	0	0	0	0	434	1117
47150	47200	0	0	0	0	0	0	424	1106
47200	47250	0	0	0	0	0	0	413	1095
47250	47300	0	0	0	0	0	0	402	1085
47300	47350	0	0	0	0	0	0	392	1074
47350	47400	0	0	0	0	0	0	381	1064
47400	47450	0	0	0	0	0	0	371	1053
47450	47500	0	0	0	0	0	0	360	1043
47500	47550	0	0	0	0	0	0	350	1032
47550	47600	0	0	0	0	0	0	339	1022
47600	47650	0	0	0	0	0	0	329	1011
47650	47700	0	0	0	0	0	0	318	1001
47700	47750	0	0	0	0	0	0	308	990
47750	47800	0	0	0	0	0	0	297	980
47800	47850	0	0	0	0	0	0	287	969
47850	47900	0	0	0	0	0	0	276	959
47900	47950	0	0	0	0	0	0	266	948
47950	48000	0	0	0	0	0	0	255	938
48000	48050	0	0	0	0	0	0	244	927
48050	48100	0	0	0	0	0	0	234	916
48100	48150	0	0	0	0	0	0	223	906
48150	48200	0	0	0	0	0	0	213	895
48200	48250	0	0	0	0	0	0	202	885
48250	48300	0	0	0	0	0	0	192	874
48300	48350	0	0	0	0	0	0	181	864
48350	48400	0	0	0	0	0	0	171	853
48400	48450	0	0	0	0	0	0	160	843
48450	48500	0	0	0	0	0	0	150	832
48500	48550	0	0	0	0	0	0	139	822
48550	48600	0	0	0	0	0	0	129	811
48600	48650	0	0	0	0	0	0	118	801
48650	48700	0	0	0	0	0	0	108	790
48700	48750	0	0	0	0	0	0	97	780
48750	48800	0	0	0	0	0	0	87	769
48800	48850	0	0	0	0	0	0	76	759
48850	48900	0	0	0	0	0	0	65	748
48900	48950	0	0	0	0	0	0	55	737
48950	49000	0	0	0	0	0	0	44	727
49000	49050	0	0	0	0	0	0	34	716
49050	49100	0	0	0	0	0	0	23	706
49100	49150	0	0	0	0	0	0	13	695
49150	49200	0	0	0	0	0	0	**	685
49200	49250	0	0	0	0	0	0	0	674
49250	49300	0	0	0	0	0	0	0	664
49300	49350	0	0	0	0	0	0	0	653
49350	49400	0	0	0	0	0	0	0	643
49400	49450	0	0	0	0	0	0	0	632
49450	49500	0	0	0	0	0	0	0	622
49500	49550	0	0	0	0	0	0	0	611
49550	49600	0	0	0	0	0	0	0	601
49600	49650	0	0	0	0	0	0	0	590
49650	49700	0	0	0	0	0	0	0	580
49700	49750	0	0	0	0	0	0	0	569
49750	49800	0	0	0	0	0	0	0	558
49800	49850	0	0	0	0	0	0	0	548
49850	49900	0	0	0	0	0	0	0	537
49900	49950	0	0	0	0	0	0	0	527
49950	50000	0	0	0	0	0	0	0	516
50000	50050	0	0	0	0	0	0	0	506
50050	50100	0	0	0	0	0	0	0	495
50100	50150	0	0	0	0	0	0	0	485
50150	50200	0	0	0	0	0	0	0	474
50200	50250	0	0	0	0	0	0	0	464
50250	50300	0	0	0	0	0	0	0	453
50300	50350	0	0	0	0	0	0	0	443
50350	50400	0	0	0	0	0	0	0	432
50400	50450	0	0	0	0	0	0	0	422
50450	50500	0	0	0	0	0	0	0	411
50500	50550	0	0	0	0	0	0	0	400
50550	50600	0	0	0	0	0	0	0	390
50600	50650	0	0	0	0	0	0	0	379
50650	50700	0	0	0	0	0	0	0	369
50700	50750	0	0	0	0	0	0	0	358
50750	50800	0	0	0	0	0	0	0	348
50800	50850	0	0	0	0	0	0	0	337
50850	50900	0	0	0	0	0	0	0	327
50900	50950	0	0	0	0	0	0	0	316
50950	51000	0	0	0	0	0	0	0	306
51000	51050	0	0	0	0	0	0	0	295
51050	51100	0	0	0	0	0	0	0	285
51100	51150	0	0	0	0	0	0	0	274
51150	51200	0	0	0	0	0	0	0	264
51200	51250	0	0	0	0	0	0	0	253
51250	51300	0	0	0	0	0	0	0	243
51300	51350	0	0	0	0	0	0	0	232
51350	51400	0	0	0	0	0	0	0	221
51400	51450	0	0	0	0	0	0	0	211
51450	51500	0	0	0	0	0	0	0	200
51500	51550	0	0	0	0	0	0	0	190
51550	51600	0	0	0	0	0	0	0	179
51600	51650	0	0	0	0	0	0	0	169
51650	51700	0	0	0	0	0	0	0	158
51700	51750	0	0	0	0	0	0	0	148
51750	51800	0	0	0	0	0	0	0	137
51800	51850	0	0	0	0	0	0	0	127
51850	51900	0	0	0	0	0	0	0	116
51900	51950	0	0	0	0	0	0	0	106
51950	52000	0	0	0	0	0	0	0	95
52000	52050	0	0	0	0	0	0	0	85
52050	52100	0	0	0	0	0	0	0	74
52100	52150	0	0	0	0	0	0	0	64
52150	52200	0	0	0	0	0	0	0	53
52200	52250	0	0	0	0	0	0	0	42
52250	52300	0	0	0	0	0	0	0	32
52300	52350	0	0	0	0	0	0	0	21
52350	52400	0	0	0	0	0	0	0	11
52400	52427	0	0	0	0	0	0	0	3
