0 5 0 0 0 0
5 15 1 1 1 1
15 25 2 2 2 2
25 50 4 4 4 4
50 75 6 6 6 6
75 100 9 9 9 9
100 125 11 11 11 11
125 150 14 14 14 14
150 175 16 16 16 16
175 200 19 19 19 19
200 225 21 21 21 21
225 250 24 24 24 24
250 275 26 26 26 26
275 300 29 29 29 29
300 325 31 31 31 31
325 350 34 34 34 34
350 375 36 36 36 36
375 400 39 39 39 39
400 425 41 41 41 41
425 450 44 44 44 44
450 475 46 46 46 46
475 500 49 49 49 49
500 525 51 51 51 51
525 550 54 54 54 54
550 575 56 56 56 56
575 600 59 59 59 59
600 625 61 61 61 61
625 650 64 64 64 64
650 675 66 66 66 66
675 700 69 69 69 69
700 725 71 71 71 71
725 750 74 74 74 74
750 775 76 76 76 76
775 800 79 79 79 79
800 825 81 81 81 81
825 850 84 84 84 84
850 875 86 86 86 86
875 900 89 89 89 89
900 925 91 91 91 91
925 950 94 94 94 94
950 975 96 96 96 96
975 1000 99 99 99 99
1000	1025	101	101	101	101
1025	1050	104	104	104	104
1050	1075	106	106	106	106
1075	1100	109	109	109	109
1100	1125	111	111	111	111
1125	1150	114	114	114	114
1150	1175	116	116	116	116
1175	1200	119	119	119	119
1200	1225	121	121	121	121
1225	1250	124	124	124	124
1250	1275	126	126	126	126
1275	1300	129	129	129	129
1300	1325	131	131	131	131
1325	1350	134	134	134	134
1350	1375	136	136	136	136
1375	1400	139	139	139	139
1400	1425	141	141	141	141
1425	1450	144	144	144	144
1450	1475	146	146	146	146
1475	1500	149	149	149	149
1500	1525	151	151	151	151
1525	1550	154	154	154	154
1550	1575	156	156	156	156
1575	1600	159	159	159	159
1600	1625	161	161	161	161
1625	1650	164	164	164	164
1650	1675	166	166	166	166
1675	1700	169	169	169	169
1700	1725	171	171	171	171
1725	1750	174	174	174	174
1750	1775	176	176	176	176
1775	1800	179	179	179	179
1800	1825	181	181	181	181
1825	1850	184	184	184	184
1850	1875	186	186	186	186
1875	1900	189	189	189	189
1900	1925	191	191	191	191
1925	1950	194	194	194	194
1950	1975	196	196	196	196
1975	2000	199	199	199	199
2000	2025	201	201	201	201
2025	2050	204	204	204	204
2050	2075	206	206	206	206
2075	2100	209	209	209	209
2100	2125	211	211	211	211
2125	2150	214	214	214	214
2150	2175	216	216	216	216
2175	2200	219	219	219	219
2200	2225	221	221	221	221
2225	2250	224	224	224	224
2250	2275	226	226	226	226
2275	2300	229	229	229	229
2300	2325	231	231	231	231
2325	2350	234	234	234	234
2350	2375	236	236	236	236
2375	2400	239	239	239	239
2400	2425	241	241	241	241
2425	2450	244	244	244	244
2450	2475	246	246	246	246
2475	2500	249	249	249	249
2500	2525	251	251	251	251
2525	2550	254	254	254	254
2550	2575	256	256	256	256
2575	2600	259	259	259	259
2600	2625	261	261	261	261
2625	2650	264	264	264	264
2650	2675	266	266	266	266
2675	2700	269	269	269	269
2700	2725	271	271	271	271
2725	2750	274	274	274	274
2750	2775	276	276	276	276
2775	2800	279	279	279	279
2800	2825	281	281	281	281
2825	2850	284	284	284	284
2850	2875	286	286	286	286
2875	2900	289	289	289	289
2900	2925	291	291	291	291
2925	2950	294	294	294	294
2950	2975	296	296	296	296
2975	3000	299	299	299	299
3000	3050	303	303	303	303
3050	3100	308	308	308	308
3100	3150	313	313	313	313
3150	3200	318	318	318	318
3200	3250	323	323	323	323
3250	3300	328	328	328	328
3300	3350	333	333	333	333
3350	3400	338	338	338	338
3400	3450	343	343	343	343
3450	3500	348	348	348	348
3500	3550	353	353	353	353
3550	3600	358	358	358	358
3600	3650	363	363	363	363
3650	3700	368	368	368	368
3700	3750	373	373	373	373
3750	3800	378	378	378	378
3800	3850	383	383	383	383
3850	3900	388	388	388	388
3900	3950	393	393	393	393
3950	4000	398	398	398	398
4000	4050	403	403	403	403
4050	4100	408	408	408	408
4100	4150	413	413	413	413
4150	4200	418	418	418	418
4200	4250	423	423	423	423
4250	4300	428	428	428	428
4300	4350	433	433	433	433
4350	4400	438	438	438	438
4400	4450	443	443	443	443
4450	4500	448	448	448	448
4500	4550	453	453	453	453
4550	4600	458	458	458	458
4600	4650	463	463	463	463
4650	4700	468	468	468	468
4700	4750	473	473	473	473
4750	4800	478	478	478	478
4800	4850	483	483	483	483
4850	4900	488	488	488	488
4900	4950	493	493	493	493
4950	5000	498	498	498	498
5000	5050	503	503	503	503
5050	5100	508	508	508	508
5100	5150	513	513	513	513
5150	5200	518	518	518	518
5200	5250	523	523	523	523
5250	5300	528	528	528	528
5300	5350	533	533	533	533
5350	5400	538	538	538	538
5400	5450	543	543	543	543
5450	5500	548	548	548	548
5500	5550	553	553	553	553
5550	5600	558	558	558	558
5600	5650	563	563	563	563
5650	5700	568	568	568	568
5700	5750	573	573	573	573
5750	5800	578	578	578	578
5800	5850	583	583	583	583
5850	5900	588	588	588	588
5900	5950	593	593	593	593
5950	6000	598	598	598	598
6000	6050	603	603	603	603
6050	6100	608	608	608	608
6100	6150	613	613	613	613
6150	6200	618	618	618	618
6200	6250	623	623	623	623
6250	6300	628	628	628	628
6300	6350	633	633	633	633
6350	6400	638	638	638	638
6400	6450	643	643	643	643
6450	6500	648	648	648	648
6500	6550	653	653	653	653
6550	6600	658	658	658	658
6600	6650	663	663	663	663
6650	6700	668	668	668	668
6700	6750	673	673	673	673
6750	6800	678	678	678	678
6800	6850	683	683	683	683
6850	6900	688	688	688	688
6900	6950	693	693	693	693
6950	7000	698	698	698	698

