0	5	0	0	0	0
5	15	1	1	1	1
15	25	2	2	2	2
25	50	4	4	4	4
50	75	6	6	6	6
75	100	9	9	9	9
100	125	11	11	11	11
125	150	14	14	14	14
150	175	16	16	16	16
175	200	19	19	19	19
200	225	21	21	21	21
225	250	24	24	24	24
250	275	26	26	26	26
275	300	29	29	29	29
300	325	31	31	31	31
325	350	34	34	34	34
350	375	36	36	36	36
375	400	39	39	39	39
400	425	41	41	41	41
425	450	44	44	44	44
450	475	46	46	46	46
475	500	49	49	49	49
500	525	51	51	51	51
525	550	54	54	54	54
550	575	56	56	56	56
575	600	59	59	59	59
600	625	61	61	61	61
625	650	64	64	64	64
650	675	66	66	66	66
675	700	69	69	69	69
700	725	71	71	71	71
725	750	74	74	74	74
750	775	76	76	76	76
775	800	79	79	79	79
800	825	81	81	81	81
825	850	84	84	84	84
850	875	86	86	86	86
875	900	89	89	89	89
900	925	91	91	91	91
925	950	94	94	94	94
950	975	96	96	96	96
975	1000	99	99	99	99
1000	1025	101	101	101	101
1025	1050	104	104	104	104
1050	1075	106	106	106	106
1075	1100	109	109	109	109
1100	1125	111	111	111	111
1125	1150	114	114	114	114
1150	1175	116	116	116	116
1175	1200	119	119	119	119
1200	1225	121	121	121	121
1225	1250	124	124	124	124
1250	1275	126	126	126	126
1275	1300	129	129	129	129
1300	1325	131	131	131	131
1325	1350	134	134	134	134
1350	1375	136	136	136	136
1375	1400	139	139	139	139
1400	1425	141	141	141	141
1425	1450	144	144	144	144
1450	1475	146	146	146	146
1475	1500	149	149	149	149
1500	1525	151	151	151	151
1525	1550	154	154	154	154
1550	1575	156	156	156	156
1575	1600	159	159	159	159
1600	1625	161	161	161	161
1625	1650	164	164	164	164
1650	1675	166	166	166	166
1675	1700	169	169	169	169
1700	1725	171	171	171	171
1725	1750	174	174	174	174
1750	1775	176	176	176	176
1775	1800	179	179	179	179
1800	1825	181	181	181	181
1825	1850	184	184	184	184
1850	1875	186	186	186	186
1875	1900	189	189	189	189
1900	1925	191	191	191	191
1925	1950	194	194	194	194
1950	1975	196	196	196	196
1975	2000	199	199	199	199
2000	2025	201	201	201	201
2025	2050	204	204	204	204
2050	2075	206	206	206	206
2075	2100	209	209	209	209
2100	2125	211	211	211	211
2125	2150	214	214	214	214
2150	2175	216	216	216	216
2175	2200	219	219	219	219
2200	2225	221	221	221	221
2225	2250	224	224	224	224
2250	2275	226	226	226	226
2275	2300	229	229	229	229
2300	2325	231	231	231	231
2325	2350	234	234	234	234
2350	2375	236	236	236	236
2375	2400	239	239	239	239
2400	2425	241	241	241	241
2425	2450	244	244	244	244
2450	2475	246	246	246	246
2475	2500	249	249	249	249
2500	2525	251	251	251	251
2525	2550	254	254	254	254
2550	2575	256	256	256	256
2575	2600	259	259	259	259
2600	2625	261	261	261	261
2625	2650	264	264	264	264
2650	2675	266	266	266	266
2675	2700	269	269	269	269
2700	2725	271	271	271	271
2725	2750	274	274	274	274
2750	2775	276	276	276	276
2775	2800	279	279	279	279
2800	2825	281	281	281	281
2825	2850	284	284	284	284
2850	2875	286	286	286	286
2875	2900	289	289	289	289
2900	2925	291	291	291	291
2925	2950	294	294	294	294
2950	2975	296	296	296	296
2975	3000	299	299	299	299
3000	3050	303	303	303	303
3050	3100	308	308	308	308
3100	3150	313	313	313	313
3150	3200	318	318	318	318
3200	3250	323	323	323	323
3250	3300	328	328	328	328
3300	3350	333	333	333	333
3350	3400	338	338	338	338
3400	3450	343	343	343	343
3450	3500	348	348	348	348
3500	3550	353	353	353	353
3550	3600	358	358	358	358
3600	3650	363	363	363	363
3650	3700	368	368	368	368
3700	3750	373	373	373	373
3750	3800	378	378	378	378
3800	3850	383	383	383	383
3850	3900	388	388	388	388
3900	3950	393	393	393	393
3950	4000	398	398	398	398
4000	4050	403	403	403	403
4050	4100	408	408	408	408
4100	4150	413	413	413	413
4150	4200	418	418	418	418
4200	4250	423	423	423	423
4250	4300	428	428	428	428
4300	4350	433	433	433	433
4350	4400	438	438	438	438
4400	4450	443	443	443	443
4450	4500	448	448	448	448
4500	4550	453	453	453	453
4550	4600	458	458	458	458
4600	4650	463	463	463	463
4650	4700	468	468	468	468
4700	4750	473	473	473	473
4750	4800	478	478	478	478
4800	4850	483	483	483	483
4850	4900	488	488	488	488
4900	4950	493	493	493	493
4950	5000	498	498	498	498
5000	5050	503	503	503	503
5050	5100	508	508	508	508
5100	5150	513	513	513	513
5150	5200	518	518	518	518
5200	5250	523	523	523	523
5250	5300	528	528	528	528
5300	5350	533	533	533	533
5350	5400	538	538	538	538
5400	5450	543	543	543	543
5450	5500	548	548	548	548
5500	5550	553	553	553	553
5550	5600	558	558	558	558
5600	5650	563	563	563	563
5650	5700	568	568	568	568
5700	5750	573	573	573	573
5750	5800	578	578	578	578
5800	5850	583	583	583	583
5850	5900	588	588	588	588
5900	5950	593	593	593	593
5950	6000	598	598	598	598
6000	6050	603	603	603	603
6050	6100	608	608	608	608
6100	6150	613	613	613	613
6150	6200	618	618	618	618
6200	6250	623	623	623	623
6250	6300	628	628	628	628
6300	6350	633	633	633	633
6350	6400	638	638	638	638
6400	6450	643	643	643	643
6450	6500	648	648	648	648
6500	6550	653	653	653	653
6550	6600	658	658	658	658
6600	6650	663	663	663	663
6650	6700	668	668	668	668
6700	6750	673	673	673	673
6750	6800	678	678	678	678
6800	6850	683	683	683	683
6850	6900	688	688	688	688
6900	6950	693	693	693	693
6950	7000	698	698	698	698
7000	7050	703	703	703	703
7050	7100	708	708	708	708
7100	7150	713	713	713	713
7150	7200	718	718	718	718
7200	7250	723	723	723	723
7250	7300	728	728	728	728
7300	7350	733	733	733	733
7350	7400	738	738	738	738
7400	7450	743	743	743	743
7450	7500	748	748	748	748
7500	7550	753	753	753	753
7550	7600	758	758	758	758
7600	7650	763	763	763	763
7650	7700	768	768	768	768
7700	7750	773	773	773	773
7750	7800	778	778	778	778
7800	7850	783	783	783	783
7850	7900	788	788	788	788
7900	7950	793	793	793	793
7950	8000	798	798	798	798
8000	8050	803	803	803	803
8050	8100	808	808	808	808
8100	8150	813	813	813	813
8150	8200	818	818	818	818
8200	8250	823	823	823	823
8250	8300	828	828	828	828
8300	8350	833	833	833	833
8350	8400	838	838	838	838
8400	8450	843	843	843	843
8450	8500	848	848	848	848
8500	8550	853	853	853	853
8550	8600	858	858	858	858
8600	8650	863	863	863	863
8650	8700	868	868	868	868
8700	8750	873	873	873	873
8750	8800	878	878	878	878
8800	8850	883	883	883	883
8850	8900	888	888	888	888
8900	8950	893	893	893	893
8950	9000	898	898	898	898
9000	9050	903	903	903	903
9050	9100	908	908	908	908
9100	9150	915	913	915	913
9150	9200	923	918	923	918
9200	9250	930	923	930	923
9250	9300	938	928	938	928
9300	9350	945	933	945	933
9350	9400	953	938	953	938
9400	9450	960	943	960	943
9450	9500	968	948	968	948
9500	9550	975	953	975	953
9550	9600	983	958	983	958
9600	9650	990	963	990	963
9650	9700	998	968	998	968
9700	9750	1005	973	1005	973
9750	9800	1013	978	1013	978
9800	9850	1020	983	1020	983
9850	9900	1028	988	1028	988
9900	9950	1035	993	1035	993
9950	10000	1043	998	1043	998
10000	10050	1050	1003	1050	1003
10050	10100	1058	1008	1058	1008
10100	10150	1065	1013	1065	1013
10150	10200	1073	1018	1073	1018
10200	10250	1080	1023	1080	1023
10250	10300	1088	1028	1088	1028
10300	10350	1095	1033	1095	1033
10350	10400	1103	1038	1103	1038
10400	10450	1110	1043	1110	1043
10450	10500	1118	1048	1118	1048
10500	10550	1125	1053	1125	1053
10550	10600	1133	1058	1133	1058
10600	10650	1140	1063	1140	1063
10650	10700	1148	1068	1148	1068
10700	10750	1155	1073	1155	1073
10750	10800	1163	1078	1163	1078
10800	10850	1170	1083	1170	1083
10850	10900	1178	1088	1178	1088
10900	10950	1185	1093	1185	1093
10950	11000	1193	1098	1193	1098
11000	11050	1200	1103	1200	1103
11050	11100	1208	1108	1208	1108
11100	11150	1215	1113	1215	1113
11150	11200	1223	1118	1223	1118
11200	11250	1230	1123	1230	1123
11250	11300	1238	1128	1238	1128
11300	11350	1245	1133	1245	1133
11350	11400	1253	1138	1253	1138
11400	11450	1260	1143	1260	1143
11450	11500	1268	1148	1268	1148
11500	11550	1275	1153	1275	1153
11550	11600	1283	1158	1283	1158
11600	11650	1290	1163	1290	1163
11650	11700	1298	1168	1298	1168
11700	11750	1305	1173	1305	1173
11750	11800	1313	1178	1313	1178
11800	11850	1320	1183	1320	1183
11850	11900	1328	1188	1328	1188
11900	11950	1335	1193	1335	1193
11950	12000	1343	1198	1343	1198
12000	12050	1350	1203	1350	1203
12050	12100	1358	1208	1358	1208
12100	12150	1365	1213	1365	1213
12150	12200	1373	1218	1373	1218
12200	12250	1380	1223	1380	1223
12250	12300	1388	1228	1388	1228
12300	12350	1395	1233	1395	1233
12350	12400	1403	1238	1403	1238
12400	12450	1410	1243	1410	1243
12450	12500	1418	1248	1418	1248
12500	12550	1425	1253	1425	1253
12550	12600	1433	1258	1433	1258
12600	12650	1440	1263	1440	1263
12650	12700	1448	1268	1448	1268
12700	12750	1455	1273	1455	1273
12750	12800	1463	1278	1463	1278
12800	12850	1470	1283	1470	1283
12850	12900	1478	1288	1478	1288
12900	12950	1485	1293	1485	1293
12950	13000	1493	1298	1493	1299
13000	13050	1500	1303	1500	1306
13050	13100	1508	1308	1508	1314
13100	13150	1515	1313	1515	1321
13150	13200	1523	1318	1523	1329
13200	13250	1530	1323	1530	1336
13250	13300	1538	1328	1538	1344
13300	13350	1545	1333	1545	1351
13350	13400	1553	1338	1553	1359
13400	13450	1560	1343	1560	1366
13450	13500	1568	1348	1568	1374
13500	13550	1575	1353	1575	1381
13550	13600	1583	1358	1583	1389
13600	13650	1590	1363	1590	1396
13650	13700	1598	1368	1598	1404
13700	13750	1605	1373	1605	1411
13750	13800	1613	1378	1613	1419
13800	13850	1620	1383	1620	1426
13850	13900	1628	1388	1628	1434
13900	13950	1635	1393	1635	1441
13950	14000	1643	1398	1643	1449
14000	14050	1650	1403	1650	1456
14050	14100	1658	1408	1658	1464
14100	14150	1665	1413	1665	1471
14150	14200	1673	1418	1673	1479
14200	14250	1680	1423	1680	1486
14250	14300	1688	1428	1688	1494
14300	14350	1695	1433	1695	1501
14350	14400	1703	1438	1703	1509
14400	14450	1710	1443	1710	1516
14450	14500	1718	1448	1718	1524
14500	14550	1725	1453	1725	1531
14550	14600	1733	1458	1733	1539
14600	14650	1740	1463	1740	1546
14650	14700	1748	1468	1748	1554
14700	14750	1755	1473	1755	1561
14750	14800	1763	1478	1763	1569
14800	14850	1770	1483	1770	1576
14850	14900	1778	1488	1778	1584
14900	14950	1785	1493	1785	1591
14950	15000	1793	1498	1793	1599
15000	15050	1800	1503	1800	1606
15050	15100	1808	1508	1808	1614
15100	15150	1815	1513	1815	1621
15150	15200	1823	1518	1823	1629
15200	15250	1830	1523	1830	1636
15250	15300	1838	1528	1838	1644
15300	15350	1845	1533	1845	1651
15350	15400	1853	1538	1853	1659
15400	15450	1860	1543	1860	1666
15450	15500	1868	1548	1868	1674
15500	15550	1875	1553	1875	1681
15550	15600	1883	1558	1883	1689
15600	15650	1890	1563	1890	1696
15650	15700	1898	1568	1898	1704
15700	15750	1905	1573	1905	1711
15750	15800	1913	1578	1913	1719
15800	15850	1920	1583	1920	1726
15850	15900	1928	1588	1928	1734
15900	15950	1935	1593	1935	1741
15950	16000	1943	1598	1943	1749
16000	16050	1950	1603	1950	1756
16050	16100	1958	1608	1958	1764
16100	16150	1965	1613	1965	1771
16150	16200	1973	1618	1973	1779
16200	16250	1980	1623	1980	1786
16250	16300	1988	1628	1988	1794
16300	16350	1995	1633	1995	1801
16350	16400	2003	1638	2003	1809
16400	16450	2010	1643	2010	1816
16450	16500	2018	1648	2018	1824
16500	16550	2025	1653	2025	1831
16550	16600	2033	1658	2033	1839
16600	16650	2040	1663	2040	1846
16650	16700	2048	1668	2048	1854
16700	16750	2055	1673	2055	1861
16750	16800	2063	1678	2063	1869
16800	16850	2070	1683	2070	1876
16850	16900	2078	1688	2078	1884
16900	16950	2085	1693	2085	1891
16950	17000	2093	1698	2093	1899
17000	17050	2100	1703	2100	1906
17050	17100	2108	1708	2108	1914
17100	17150	2115	1713	2115	1921
17150	17200	2123	1718	2123	1929
17200	17250	2130	1723	2130	1936
17250	17300	2138	1728	2138	1944
17300	17350	2145	1733	2145	1951
17350	17400	2153	1738	2153	1959
17400	17450	2160	1743	2160	1966
17450	17500	2168	1748	2168	1974
17500	17550	2175	1753	2175	1981
17550	17600	2183	1758	2183	1989
17600	17650	2190	1763	2190	1996
17650	17700	2198	1768	2198	2004
17700	17750	2205	1773	2205	2011
17750	17800	2213	1778	2213	2019
17800	17850	2220	1783	2220	2026
17850	17900	2228	1788	2228	2034
17900	17950	2235	1793	2235	2041
17950	18000	2243	1798	2243	2049
18000	18050	2250	1803	2250	2056
18050	18100	2258	1808	2258	2064
18100	18150	2265	1813	2265	2071
18150	18200	2273	1819	2273	2079
18200	18250	2280	1826	2280	2086
18250	18300	2288	1834	2288	2094
18300	18350	2295	1841	2295	2101
18350	18400	2303	1849	2303	2109
18400	18450	2310	1856	2310	2116
18450	18500	2318	1864	2318	2124
18500	18550	2325	1871	2325	2131
18550	18600	2333	1879	2333	2139
18600	18650	2340	1886	2340	2146
18650	18700	2348	1894	2348	2154
18700	18750	2355	1901	2355	2161
18750	18800	2363	1909	2363	2169
18800	18850	2370	1916	2370	2176
18850	18900	2378	1924	2378	2184
18900	18950	2385	1931	2385	2191
18950	19000	2393	1939	2393	2199
19000	19050	2400	1946	2400	2206
19050	19100	2408	1954	2408	2214
19100	19150	2415	1961	2415	2221
19150	19200	2423	1969	2423	2229
19200	19250	2430	1976	2430	2236
19250	19300	2438	1984	2438	2244
19300	19350	2445	1991	2445	2251
19350	19400	2453	1999	2453	2259
19400	19450	2460	2006	2460	2266
19450	19500	2468	2014	2468	2274
19500	19550	2475	2021	2475	2281
19550	19600	2483	2029	2483	2289
19600	19650	2490	2036	2490	2296
19650	19700	2498	2044	2498	2304
19700	19750	2505	2051	2505	2311
19750	19800	2513	2059	2513	2319
19800	19850	2520	2066	2520	2326
19850	19900	2528	2074	2528	2334
19900	19950	2535	2081	2535	2341
19950	20000	2543	2089	2543	2349
20000	20050	2550	2096	2550	2356
20050	20100	2558	2104	2558	2364
20100	20150	2565	2111	2565	2371
20150	20200	2573	2119	2573	2379
20200	20250	2580	2126	2580	2386
20250	20300	2588	2134	2588	2394
20300	20350	2595	2141	2595	2401
20350	20400	2603	2149	2603	2409
20400	20450	2610	2156	2610	2416
20450	20500	2618	2164	2618	2424
20500	20550	2625	2171	2625	2431
20550	20600	2633	2179	2633	2439
20600	20650	2640	2186	2640	2446
20650	20700	2648	2194	2648	2454
20700	20750	2655	2201	2655	2461
20750	20800	2663	2209	2663	2469
20800	20850	2670	2216	2670	2476
20850	20900	2678	2224	2678	2484
20900	20950	2685	2231	2685	2491
20950	21000	2693	2239	2693	2499
21000	21050	2700	2246	2700	2506
21050	21100	2708	2254	2708	2514
21100	21150	2715	2261	2715	2521
21150	21200	2723	2269	2723	2529
21200	21250	2730	2276	2730	2536
21250	21300	2738	2284	2738	2544
21300	21350	2745	2291	2745	2551
21350	21400	2753	2299	2753	2559
21400	21450	2760	2306	2760	2566
21450	21500	2768	2314	2768	2574
21500	21550	2775	2321	2775	2581
21550	21600	2783	2329	2783	2589
21600	21650	2790	2336	2790	2596
21650	21700	2798	2344	2798	2604
21700	21750	2805	2351	2805	2611
21750	21800	2813	2359	2813	2619
21800	21850	2820	2366	2820	2626
21850	21900	2828	2374	2828	2634
21900	21950	2835	2381	2835	2641
21950	22000	2843	2389	2843	2649
22000	22050	2850	2396	2850	2656
22050	22100	2858	2404	2858	2664
22100	22150	2865	2411	2865	2671
22150	22200	2873	2419	2873	2679
22200	22250	2880	2426	2880	2686
22250	22300	2888	2434	2888	2694
22300	22350	2895	2441	2895	2701
22350	22400	2903	2449	2903	2709
22400	22450	2910	2456	2910	2716
22450	22500	2918	2464	2918	2724
22500	22550	2925	2471	2925	2731
22550	22600	2933	2479	2933	2739
22600	22650	2940	2486	2940	2746
22650	22700	2948	2494	2948	2754
22700	22750	2955	2501	2955	2761
22750	22800	2963	2509	2963	2769
22800	22850	2970	2516	2970	2776
22850	22900	2978	2524	2978	2784
22900	22950	2985	2531	2985	2791
22950	23000	2993	2539	2993	2799
23000	23050	3000	2546	3000	2806
23050	23100	3008	2554	3008	2814
23100	23150	3015	2561	3015	2821
23150	23200	3023	2569	3023	2829
23200	23250	3030	2576	3030	2836
23250	23300	3038	2584	3038	2844
23300	23350	3045	2591	3045	2851
23350	23400	3053	2599	3053	2859
23400	23450	3060	2606	3060	2866
23450	23500	3068	2614	3068	2874
23500	23550	3075	2621	3075	2881
23550	23600	3083	2629	3083	2889
23600	23650	3090	2636	3090	2896
23650	23700	3098	2644	3098	2904
23700	23750	3105	2651	3105	2911
23750	23800	3113	2659	3113	2919
23800	23850	3120	2666	3120	2926
23850	23900	3128	2674	3128	2934
23900	23950	3135	2681	3135	2941
23950	24000	3143	2689	3143	2949
24000	24050	3150	2696	3150	2956
24050	24100	3158	2704	3158	2964
24100	24150	3165	2711	3165	2971
24150	24200	3173	2719	3173	2979
24200	24250	3180	2726	3180	2986
24250	24300	3188	2734	3188	2994
24300	24350	3195	2741	3195	3001
24350	24400	3203	2749	3203	3009
24400	24450	3210	2756	3210	3016
24450	24500	3218	2764	3218	3024
24500	24550	3225	2771	3225	3031
24550	24600	3233	2779	3233	3039
24600	24650	3240	2786	3240	3046
24650	24700	3248	2794	3248	3054
24700	24750	3255	2801	3255	3061
24750	24800	3263	2809	3263	3069
24800	24850	3270	2816	3270	3076
24850	24900	3278	2824	3278	3084
24900	24950	3285	2831	3285	3091
24950	25000	3293	2839	3293	3099
25000	25050	3300	2846	3300	3106
25050	25100	3308	2854	3308	3114
25100	25150	3315	2861	3315	3121
25150	25200	3323	2869	3323	3129
25200	25250	3330	2876	3330	3136
25250	25300	3338	2884	3338	3144
25300	25350	3345	2891	3345	3151
25350	25400	3353	2899	3353	3159
25400	25450	3360	2906	3360	3166
25450	25500	3368	2914	3368	3174
25500	25550	3375	2921	3375	3181
25550	25600	3383	2929	3383	3189
25600	25650	3390	2936	3390	3196
25650	25700	3398	2944	3398	3204
25700	25750	3405	2951	3405	3211
25750	25800	3413	2959	3413	3219
25800	25850	3420	2966	3420	3226
25850	25900	3428	2974	3428	3234
25900	25950	3435	2981	3435	3241
25950	26000	3443	2989	3443	3249
26000	26050	3450	2996	3450	3256
26050	26100	3458	3004	3458	3264
26100	26150	3465	3011	3465	3271
26150	26200	3473	3019	3473	3279
26200	26250	3480	3026	3480	3286
26250	26300	3488	3034	3488	3294
26300	26350	3495	3041	3495	3301
26350	26400	3503	3049	3503	3309
26400	26450	3510	3056	3510	3316
26450	26500	3518	3064	3518	3324
26500	26550	3525	3071	3525	3331
26550	26600	3533	3079	3533	3339
26600	26650	3540	3086	3540	3346
26650	26700	3548	3094	3548	3354
26700	26750	3555	3101	3555	3361
26750	26800	3563	3109	3563	3369
26800	26850	3570	3116	3570	3376
26850	26900	3578	3124	3578	3384
26900	26950	3585	3131	3585	3391
26950	27000	3593	3139	3593	3399
27000	27050	3600	3146	3600	3406
27050	27100	3608	3154	3608	3414
27100	27150	3615	3161	3615	3421
27150	27200	3623	3169	3623	3429
27200	27250	3630	3176	3630	3436
27250	27300	3638	3184	3638	3444
27300	27350	3645	3191	3645	3451
27350	27400	3653	3199	3653	3459
27400	27450	3660	3206	3660	3466
27450	27500	3668	3214	3668	3474
27500	27550	3675	3221	3675	3481
27550	27600	3683	3229	3683	3489
27600	27650	3690	3236	3690	3496
27650	27700	3698	3244	3698	3504
27700	27750	3705	3251	3705	3511
27750	27800	3713	3259	3713	3519
27800	27850	3720	3266	3720	3526
27850	27900	3728	3274	3728	3534
27900	27950	3735	3281	3735	3541
27950	28000	3743	3289	3743	3549
28000	28050	3750	3296	3750	3556
28050	28100	3758	3304	3758	3564
28100	28150	3765	3311	3765	3571
28150	28200	3773	3319	3773	3579
28200	28250	3780	3326	3780	3586
28250	28300	3788	3334	3788	3594
28300	28350	3795	3341	3795	3601
28350	28400	3803	3349	3803	3609
28400	28450	3810	3356	3810	3616
28450	28500	3818	3364	3818	3624
28500	28550	3825	3371	3825	3631
28550	28600	3833	3379	3833	3639
28600	28650	3840	3386	3840	3646
28650	28700	3848	3394	3848	3654
28700	28750	3855	3401	3855	3661
28750	28800	3863	3409	3863	3669
28800	28850	3870	3416	3870	3676
28850	28900	3878	3424	3878	3684
28900	28950	3885	3431	3885	3691
28950	29000	3893	3439	3893	3699
29000	29050	3900	3446	3900	3706
29050	29100	3908	3454	3908	3714
29100	29150	3915	3461	3915	3721
29150	29200	3923	3469	3923	3729
29200	29250	3930	3476	3930	3736
29250	29300	3938	3484	3938	3744
29300	29350	3945	3491	3945	3751
29350	29400	3953	3499	3953	3759
29400	29450	3960	3506	3960	3766
29450	29500	3968	3514	3968	3774
29500	29550	3975	3521	3975	3781
29550	29600	3983	3529	3983	3789
29600	29650	3990	3536	3990	3796
29650	29700	3998	3544	3998	3804
29700	29750	4005	3551	4005	3811
29750	29800	4013	3559	4013	3819
29800	29850	4020	3566	4020	3826
29850	29900	4028	3574	4028	3834
29900	29950	4035	3581	4035	3841
29950	30000	4043	3589	4043	3849
30000	30050	4050	3596	4050	3856
30050	30100	4058	3604	4058	3864
30100	30150	4065	3611	4065	3871
30150	30200	4073	3619	4073	3879
30200	30250	4080	3626	4080	3886
30250	30300	4088	3634	4088	3894
30300	30350	4095	3641	4095	3901
30350	30400	4103	3649	4103	3909
30400	30450	4110	3656	4110	3916
30450	30500	4118	3664	4118	3924
30500	30550	4125	3671	4125	3931
30550	30600	4133	3679	4133	3939
30600	30650	4140	3686	4140	3946
30650	30700	4148	3694	4148	3954
30700	30750	4155	3701	4155	3961
30750	30800	4163	3709	4163	3969
30800	30850	4170	3716	4170	3976
30850	30900	4178	3724	4178	3984
30900	30950	4185	3731	4185	3991
30950	31000	4193	3739	4193	3999
31000	31050	4200	3746	4200	4006
31050	31100	4208	3754	4208	4014
31100	31150	4215	3761	4215	4021
31150	31200	4223	3769	4223	4029
31200	31250	4230	3776	4230	4036
31250	31300	4238	3784	4238	4044
31300	31350	4245	3791	4245	4051
31350	31400	4253	3799	4253	4059
31400	31450	4260	3806	4260	4066
31450	31500	4268	3814	4268	4074
31500	31550	4275	3821	4275	4081
31550	31600	4283	3829	4283	4089
31600	31650	4290	3836	4290	4096
31650	31700	4298	3844	4298	4104
31700	31750	4305	3851	4305	4111
31750	31800	4313	3859	4313	4119
31800	31850	4320	3866	4320	4126
31850	31900	4328	3874	4328	4134
31900	31950	4335	3881	4335	4141
31950	32000	4343	3889	4343	4149
32000	32050	4350	3896	4350	4156
32050	32100	4358	3904	4358	4164
32100	32150	4365	3911	4365	4171
32150	32200	4373	3919	4373	4179
32200	32250	4380	3926	4380	4186
32250	32300	4388	3934	4388	4194
32300	32350	4395	3941	4395	4201
32350	32400	4403	3949	4403	4209
32400	32450	4410	3956	4410	4216
32450	32500	4418	3964	4418	4224
32500	32550	4425	3971	4425	4231
32550	32600	4433	3979	4433	4239
32600	32650	4440	3986	4440	4246
32650	32700	4448	3994	4448	4254
32700	32750	4455	4001	4455	4261
32750	32800	4463	4009	4463	4269
32800	32850	4470	4016	4470	4276
32850	32900	4478	4024	4478	4284
32900	32950	4485	4031	4485	4291
32950	33000	4493	4039	4493	4299
33000	33050	4500	4046	4500	4306
33050	33100	4508	4054	4508	4314
33100	33150	4515	4061	4515	4321
33150	33200	4523	4069	4523	4329
33200	33250	4530	4076	4530	4336
33250	33300	4538	4084	4538	4344
33300	33350	4545	4091	4545	4351
33350	33400	4553	4099	4553	4359
33400	33450	4560	4106	4560	4366
33450	33500	4568	4114	4568	4374
33500	33550	4575	4121	4575	4381
33550	33600	4583	4129	4583	4389
33600	33650	4590	4136	4590	4396
33650	33700	4598	4144	4598	4404
33700	33750	4605	4151	4605	4411
33750	33800	4613	4159	4613	4419
33800	33850	4620	4166	4620	4426
33850	33900	4628	4174	4628	4434
33900	33950	4635	4181	4635	4441
33950	34000	4643	4189	4643	4449
34000	34050	4650	4196	4650	4456
34050	34100	4658	4204	4658	4464
34100	34150	4665	4211	4665	4471
34150	34200	4673	4219	4673	4479
34200	34250	4680	4226	4680	4486
34250	34300	4688	4234	4688	4494
34300	34350	4695	4241	4695	4501
34350	34400	4703	4249	4703	4509
34400	34450	4710	4256	4710	4516
34450	34500	4718	4264	4718	4524
34500	34550	4725	4271	4725	4531
34550	34600	4733	4279	4733	4539
34600	34650	4740	4286	4740	4546
34650	34700	4748	4294	4748	4554
34700	34750	4755	4301	4755	4561
34750	34800	4763	4309	4763	4569
34800	34850	4770	4316	4770	4576
34850	34900	4778	4324	4778	4584
34900	34950	4785	4331	4785	4591
34950	35000	4793	4339	4793	4599
35000	35050	4800	4346	4800	4606
35050	35100	4808	4354	4808	4614
35100	35150	4815	4361	4815	4621
35150	35200	4823	4369	4823	4629
35200	35250	4830	4376	4830	4636
35250	35300	4838	4384	4838	4644
35300	35350	4845	4391	4845	4651
35350	35400	4853	4399	4853	4659
35400	35450	4860	4406	4860	4666
35450	35500	4868	4414	4868	4674
35500	35550	4875	4421	4875	4681
35550	35600	4883	4429	4883	4689
35600	35650	4890	4436	4890	4696
35650	35700	4898	4444	4898	4704
35700	35750	4905	4451	4905	4711
35750	35800	4913	4459	4913	4719
35800	35850	4920	4466	4920	4726
35850	35900	4928	4474	4928	4734
35900	35950	4935	4481	4935	4741
35950	36000	4943	4489	4943	4749
36000	36050	4950	4496	4950	4756
36050	36100	4958	4504	4958	4764
36100	36150	4965	4511	4965	4771
36150	36200	4973	4519	4973	4779
36200	36250	4980	4526	4980	4786
36250	36300	4988	4534	4988	4794
36300	36350	4995	4541	4995	4801
36350	36400	5003	4549	5003	4809
36400	36450	5010	4556	5010	4816
36450	36500	5018	4564	5018	4824
36500	36550	5025	4571	5025	4831
36550	36600	5033	4579	5033	4839
36600	36650	5040	4586	5040	4846
36650	36700	5048	4594	5048	4854
36700	36750	5055	4601	5055	4861
36750	36800	5063	4609	5063	4869
36800	36850	5070	4616	5070	4876
36850	36900	5078	4624	5078	4884
36900	36950	5088	4631	5088	4891
36950	37000	5100	4639	5100	4899
37000	37050	5113	4646	5113	4906
37050	37100	5125	4654	5125	4914
37100	37150	5138	4661	5138	4921
37150	37200	5150	4669	5150	4929
37200	37250	5163	4676	5163	4936
37250	37300	5175	4684	5175	4944
37300	37350	5188	4691	5188	4951
37350	37400	5200	4699	5200	4959
37400	37450	5213	4706	5213	4966
37450	37500	5225	4714	5225	4974
37500	37550	5238	4721	5238	4981
37550	37600	5250	4729	5250	4989
37600	37650	5263	4736	5263	4996
37650	37700	5275	4744	5275	5004
37700	37750	5288	4751	5288	5011
37750	37800	5300	4759	5300	5019
37800	37850	5313	4766	5313	5026
37850	37900	5325	4774	5325	5034
37900	37950	5338	4781	5338	5041
37950	38000	5350	4789	5350	5049
38000	38050	5363	4796	5363	5056
38050	38100	5375	4804	5375	5064
38100	38150	5388	4811	5388	5071
38150	38200	5400	4819	5400	5079
38200	38250	5413	4826	5413	5086
38250	38300	5425	4834	5425	5094
38300	38350	5438	4841	5438	5101
38350	38400	5450	4849	5450	5109
38400	38450	5463	4856	5463	5116
38450	38500	5475	4864	5475	5124
38500	38550	5488	4871	5488	5131
38550	38600	5500	4879	5500	5139
38600	38650	5513	4886	5513	5146
38650	38700	5525	4894	5525	5154
38700	38750	5538	4901	5538	5161
38750	38800	5550	4909	5550	5169
38800	38850	5563	4916	5563	5176
38850	38900	5575	4924	5575	5184
38900	38950	5588	4931	5588	5191
38950	39000	5600	4939	5600	5199
39000	39050	5613	4946	5613	5206
39050	39100	5625	4954	5625	5214
39100	39150	5638	4961	5638	5221
39150	39200	5650	4969	5650	5229
39200	39250	5663	4976	5663	5236
39250	39300	5675	4984	5675	5244
39300	39350	5688	4991	5688	5251
39350	39400	5700	4999	5700	5259
39400	39450	5713	5006	5713	5266
39450	39500	5725	5014	5725	5274
39500	39550	5738	5021	5738	5281
39550	39600	5750	5029	5750	5289
39600	39650	5763	5036	5763	5296
39650	39700	5775	5044	5775	5304
39700	39750	5788	5051	5788	5311
39750	39800	5800	5059	5800	5319
39800	39850	5813	5066	5813	5326
39850	39900	5825	5074	5825	5334
39900	39950	5838	5081	5838	5341
39950	40000	5850	5089	5850	5349
40000	40050	5863	5096	5863	5356
40050	40100	5875	5104	5875	5364
40100	40150	5888	5111	5888	5371
40150	40200	5900	5119	5900	5379
40200	40250	5913	5126	5913	5386
40250	40300	5925	5134	5925	5394
40300	40350	5938	5141	5938	5401
40350	40400	5950	5149	5950	5409
40400	40450	5963	5156	5963	5416
40450	40500	5975	5164	5975	5424
40500	40550	5988	5171	5988	5431
40550	40600	6000	5179	6000	5439
40600	40650	6013	5186	6013	5446
40650	40700	6025	5194	6025	5454
40700	40750	6038	5201	6038	5461
40750	40800	6050	5209	6050	5469
40800	40850	6063	5216	6063	5476
40850	40900	6075	5224	6075	5484
40900	40950	6088	5231	6088	5491
40950	41000	6100	5239	6100	5499
41000	41050	6113	5246	6113	5506
41050	41100	6125	5254	6125	5514
41100	41150	6138	5261	6138	5521
41150	41200	6150	5269	6150	5529
41200	41250	6163	5276	6163	5536
41250	41300	6175	5284	6175	5544
41300	41350	6188	5291	6188	5551
41350	41400	6200	5299	6200	5559
41400	41450	6213	5306	6213	5566
41450	41500	6225	5314	6225	5574
41500	41550	6238	5321	6238	5581
41550	41600	6250	5329	6250	5589
41600	41650	6263	5336	6263	5596
41650	41700	6275	5344	6275	5604
41700	41750	6288	5351	6288	5611
41750	41800	6300	5359	6300	5619
41800	41850	6313	5366	6313	5626
41850	41900	6325	5374	6325	5634
41900	41950	6338	5381	6338	5641
41950	42000	6350	5389	6350	5649
42000	42050	6363	5396	6363	5656
42050	42100	6375	5404	6375	5664
42100	42150	6388	5411	6388	5671
42150	42200	6400	5419	6400	5679
42200	42250	6413	5426	6413	5686
42250	42300	6425	5434	6425	5694
42300	42350	6438	5441	6438	5701
42350	42400	6450	5449	6450	5709
42400	42450	6463	5456	6463	5716
42450	42500	6475	5464	6475	5724
42500	42550	6488	5471	6488	5731
42550	42600	6500	5479	6500	5739
42600	42650	6513	5486	6513	5746
42650	42700	6525	5494	6525	5754
42700	42750	6538	5501	6538	5761
42750	42800	6550	5509	6550	5769
42800	42850	6563	5516	6563	5776
42850	42900	6575	5524	6575	5784
42900	42950	6588	5531	6588	5791
42950	43000	6600	5539	6600	5799
43000	43050	6613	5546	6613	5806
43050	43100	6625	5554	6625	5814
43100	43150	6638	5561	6638	5821
43150	43200	6650	5569	6650	5829
43200	43250	6663	5576	6663	5836
43250	43300	6675	5584	6675	5844
43300	43350	6688	5591	6688	5851
43350	43400	6700	5599	6700	5859
43400	43450	6713	5606	6713	5866
43450	43500	6725	5614	6725	5874
43500	43550	6738	5621	6738	5881
43550	43600	6750	5629	6750	5889
43600	43650	6763	5636	6763	5896
43650	43700	6775	5644	6775	5904
43700	43750	6788	5651	6788	5911
43750	43800	6800	5659	6800	5919
43800	43850	6813	5666	6813	5926
43850	43900	6825	5674	6825	5934
43900	43950	6838	5681	6838	5941
43950	44000	6850	5689	6850	5949
44000	44050	6863	5696	6863	5956
44050	44100	6875	5704	6875	5964
44100	44150	6888	5711	6888	5971
44150	44200	6900	5719	6900	5979
44200	44250	6913	5726	6913	5986
44250	44300	6925	5734	6925	5994
44300	44350	6938	5741	6938	6001
44350	44400	6950	5749	6950	6009
44400	44450	6963	5756	6963	6016
44450	44500	6975	5764	6975	6024
44500	44550	6988	5771	6988	6031
44550	44600	7000	5779	7000	6039
44600	44650	7013	5786	7013	6046
44650	44700	7025	5794	7025	6054
44700	44750	7038	5801	7038	6061
44750	44800	7050	5809	7050	6069
44800	44850	7063	5816	7063	6076
44850	44900	7075	5824	7075	6084
44900	44950	7088	5831	7088	6091
44950	45000	7100	5839	7100	6099
45000	45050	7113	5846	7113	6106
45050	45100	7125	5854	7125	6114
45100	45150	7138	5861	7138	6121
45150	45200	7150	5869	7150	6129
45200	45250	7163	5876	7163	6136
45250	45300	7175	5884	7175	6144
45300	45350	7188	5891	7188	6151
45350	45400	7200	5899	7200	6159
45400	45450	7213	5906	7213	6166
45450	45500	7225	5914	7225	6174
45500	45550	7238	5921	7238	6181
45550	45600	7250	5929	7250	6189
45600	45650	7263	5936	7263	6196
45650	45700	7275	5944	7275	6204
45700	45750	7288	5951	7288	6211
45750	45800	7300	5959	7300	6219
45800	45850	7313	5966	7313	6226
45850	45900	7325	5974	7325	6234
45900	45950	7338	5981	7338	6241
45950	46000	7350	5989	7350	6249
46000	46050	7363	5996	7363	6256
46050	46100	7375	6004	7375	6264
46100	46150	7388	6011	7388	6271
46150	46200	7400	6019	7400	6279
46200	46250	7413	6026	7413	6286
46250	46300	7425	6034	7425	6294
46300	46350	7438	6041	7438	6301
46350	46400	7450	6049	7450	6309
46400	46450	7463	6056	7463	6316
46450	46500	7475	6064	7475	6324
46500	46550	7488	6071	7488	6331
46550	46600	7500	6079	7500	6339
46600	46650	7513	6086	7513	6346
46650	46700	7525	6094	7525	6354
46700	46750	7538	6101	7538	6361
46750	46800	7550	6109	7550	6369
46800	46850	7563	6116	7563	6376
46850	46900	7575	6124	7575	6384
46900	46950	7588	6131	7588	6391
46950	47000	7600	6139	7600	6399
47000	47050	7613	6146	7613	6406
47050	47100	7625	6154	7625	6414
47100	47150	7638	6161	7638	6421
47150	47200	7650	6169	7650	6429
47200	47250	7663	6176	7663	6436
47250	47300	7675	6184	7675	6444
47300	47350	7688	6191	7688	6451
47350	47400	7700	6199	7700	6459
47400	47450	7713	6206	7713	6466
47450	47500	7725	6214	7725	6474
47500	47550	7738	6221	7738	6481
47550	47600	7750	6229	7750	6489
47600	47650	7763	6236	7763	6496
47650	47700	7775	6244	7775	6504
47700	47750	7788	6251	7788	6511
47750	47800	7800	6259	7800	6519
47800	47850	7813	6266	7813	6526
47850	47900	7825	6274	7825	6534
47900	47950	7838	6281	7838	6541
47950	48000	7850	6289	7850	6549
48000	48050	7863	6296	7863	6556
48050	48100	7875	6304	7875	6564
48100	48150	7888	6311	7888	6571
48150	48200	7900	6319	7900	6579
48200	48250	7913	6326	7913	6586
48250	48300	7925	6334	7925	6594
48300	48350	7938	6341	7938	6601
48350	48400	7950	6349	7950	6609
48400	48450	7963	6356	7963	6616
48450	48500	7975	6364	7975	6624
48500	48550	7988	6371	7988	6631
48550	48600	8000	6379	8000	6639
48600	48650	8013	6386	8013	6646
48650	48700	8025	6394	8025	6654
48700	48750	8038	6401	8038	6661
48750	48800	8050	6409	8050	6669
48800	48850	8063	6416	8063	6676
48850	48900	8075	6424	8075	6684
48900	48950	8088	6431	8088	6691
48950	49000	8100	6439	8100	6699
49000	49050	8113	6446	8113	6706
49050	49100	8125	6454	8125	6714
49100	49150	8138	6461	8138	6721
49150	49200	8150	6469	8150	6729
49200	49250	8163	6476	8163	6736
49250	49300	8175	6484	8175	6744
49300	49350	8188	6491	8188	6751
49350	49400	8200	6499	8200	6759
49400	49450	8213	6506	8213	6769
49450	49500	8225	6514	8225	6781
49500	49550	8238	6521	8238	6794
49550	49600	8250	6529	8250	6806
49600	49650	8263	6536	8263	6819
49650	49700	8275	6544	8275	6831
49700	49750	8288	6551	8288	6844
49750	49800	8300	6559	8300	6856
49800	49850	8313	6566	8313	6869
49850	49900	8325	6574	8325	6881
49900	49950	8338	6581	8338	6894
49950	50000	8350	6589	8350	6906
50000	50050	8363	6596	8363	6919
50050	50100	8375	6604	8375	6931
50100	50150	8388	6611	8388	6944
50150	50200	8400	6619	8400	6956
50200	50250	8413	6626	8413	6969
50250	50300	8425	6634	8425	6981
50300	50350	8438	6641	8438	6994
50350	50400	8450	6649	8450	7006
50400	50450	8463	6656	8463	7019
50450	50500	8475	6664	8475	7031
50500	50550	8488	6671	8488	7044
50550	50600	8500	6679	8500	7056
50600	50650	8513	6686	8513	7069
50650	50700	8525	6694	8525	7081
50700	50750	8538	6701	8538	7094
50750	50800	8550	6709	8550	7106
50800	50850	8563	6716	8563	7119
50850	50900	8575	6724	8575	7131
50900	50950	8588	6731	8588	7144
50950	51000	8600	6739	8600	7156
51000	51050	8613	6746	8613	7169
51050	51100	8625	6754	8625	7181
51100	51150	8638	6761	8638	7194
51150	51200	8650	6769	8650	7206
51200	51250	8663	6776	8663	7219
51250	51300	8675	6784	8675	7231
51300	51350	8688	6791	8688	7244
51350	51400	8700	6799	8700	7256
51400	51450	8713	6806	8713	7269
51450	51500	8725	6814	8725	7281
51500	51550	8738	6821	8738	7294
51550	51600	8750	6829	8750	7306
51600	51650	8763	6836	8763	7319
51650	51700	8775	6844	8775	7331
51700	51750	8788	6851	8788	7344
51750	51800	8800	6859	8800	7356
51800	51850	8813	6866	8813	7369
51850	51900	8825	6874	8825	7381
51900	51950	8838	6881	8838	7394
51950	52000	8850	6889	8850	7406
52000	52050	8863	6896	8863	7419
52050	52100	8875	6904	8875	7431
52100	52150	8888	6911	8888	7444
52150	52200	8900	6919	8900	7456
52200	52250	8913	6926	8913	7469
52250	52300	8925	6934	8925	7481
52300	52350	8938	6941	8938	7494
52350	52400	8950	6949	8950	7506
52400	52450	8963	6956	8963	7519
52450	52500	8975	6964	8975	7531
52500	52550	8988	6971	8988	7544
52550	52600	9000	6979	9000	7556
52600	52650	9013	6986	9013	7569
52650	52700	9025	6994	9025	7581
52700	52750	9038	7001	9038	7594
52750	52800	9050	7009	9050	7606
52800	52850	9063	7016	9063	7619
52850	52900	9075	7024	9075	7631
52900	52950	9088	7031	9088	7644
52950	53000	9100	7039	9100	7656
53000	53050	9113	7046	9113	7669
53050	53100	9125	7054	9125	7681
53100	53150	9138	7061	9138	7694
53150	53200	9150	7069	9150	7706
53200	53250	9163	7076	9163	7719
53250	53300	9175	7084	9175	7731
53300	53350	9188	7091	9188	7744
53350	53400	9200	7099	9200	7756
53400	53450	9213	7106	9213	7769
53450	53500	9225	7114	9225	7781
53500	53550	9238	7121	9238	7794
53550	53600	9250	7129	9250	7806
53600	53650	9263	7136	9263	7819
53650	53700	9275	7144	9275	7831
53700	53750	9288	7151	9288	7844
53750	53800	9300	7159	9300	7856
53800	53850	9313	7166	9313	7869
53850	53900	9325	7174	9325	7881
53900	53950	9338	7181	9338	7894
53950	54000	9350	7189	9350	7906
54000	54050	9363	7196	9363	7919
54050	54100	9375	7204	9375	7931
54100	54150	9388	7211	9388	7944
54150	54200	9400	7219	9400	7956
54200	54250	9413	7226	9413	7969
54250	54300	9425	7234	9425	7981
54300	54350	9438	7241	9438	7994
54350	54400	9450	7249	9450	8006
54400	54450	9463	7256	9463	8019
54450	54500	9475	7264	9475	8031
54500	54550	9488	7271	9488	8044
54550	54600	9500	7279	9500	8056
54600	54650	9513	7286	9513	8069
54650	54700	9525	7294	9525	8081
54700	54750	9538	7301	9538	8094
54750	54800	9550	7309	9550	8106
54800	54850	9563	7316	9563	8119
54850	54900	9575	7324	9575	8131
54900	54950	9588	7331	9588	8144
54950	55000	9600	7339	9600	8156
55000	55050	9613	7346	9613	8169
55050	55100	9625	7354	9625	8181
55100	55150	9638	7361	9638	8194
55150	55200	9650	7369	9650	8206
55200	55250	9663	7376	9663	8219
55250	55300	9675	7384	9675	8231
55300	55350	9688	7391	9688	8244
55350	55400	9700	7399	9700	8256
55400	55450	9713	7406	9713	8269
55450	55500	9725	7414	9725	8281
55500	55550	9738	7421	9738	8294
55550	55600	9750	7429	9750	8306
55600	55650	9763	7436	9763	8319
55650	55700	9775	7444	9775	8331
55700	55750	9788	7451	9788	8344
55750	55800	9800	7459	9800	8356
55800	55850	9813	7466	9813	8369
55850	55900	9825	7474	9825	8381
55900	55950	9838	7481	9838	8394
55950	56000	9850	7489	9850	8406
56000	56050	9863	7496	9863	8419
56050	56100	9875	7504	9875	8431
56100	56150	9888	7511	9888	8444
56150	56200	9900	7519	9900	8456
56200	56250	9913	7526	9913	8469
56250	56300	9925	7534	9925	8481
56300	56350	9938	7541	9938	8494
56350	56400	9950	7549	9950	8506
56400	56450	9963	7556	9963	8519
56450	56500	9975	7564	9975	8531
56500	56550	9988	7571	9988	8544
56550	56600	10000	7579	10000	8556
56600	56650	10013	7586	10013	8569
56650	56700	10025	7594	10025	8581
56700	56750	10038	7601	10038	8594
56750	56800	10050	7609	10050	8606
56800	56850	10063	7616	10063	8619
56850	56900	10075	7624	10075	8631
56900	56950	10088	7631	10088	8644
56950	57000	10100	7639	10100	8656
57000	57050	10113	7646	10113	8669
57050	57100	10125	7654	10125	8681
57100	57150	10138	7661	10138	8694
57150	57200	10150	7669	10150	8706
57200	57250	10163	7676	10163	8719
57250	57300	10175	7684	10175	8731
57300	57350	10188	7691	10188	8744
57350	57400	10200	7699	10200	8756
57400	57450	10213	7706	10213	8769
57450	57500	10225	7714	10225	8781
57500	57550	10238	7721	10238	8794
57550	57600	10250	7729	10250	8806
57600	57650	10263	7736	10263	8819
57650	57700	10275	7744	10275	8831
57700	57750	10288	7751	10288	8844
57750	57800	10300	7759	10300	8856
57800	57850	10313	7766	10313	8869
57850	57900	10325	7774	10325	8881
57900	57950	10338	7781	10338	8894
57950	58000	10350	7789	10350	8906
58000	58050	10363	7796	10363	8919
58050	58100	10375	7804	10375	8931
58100	58150	10388	7811	10388	8944
58150	58200	10400	7819	10400	8956
58200	58250	10413	7826	10413	8969
58250	58300	10425	7834	10425	8981
58300	58350	10438	7841	10438	8994
58350	58400	10450	7849	10450	9006
58400	58450	10463	7856	10463	9019
58450	58500	10475	7864	10475	9031
58500	58550	10488	7871	10488	9044
58550	58600	10500	7879	10500	9056
58600	58650	10513	7886	10513	9069
58650	58700	10525	7894	10525	9081
58700	58750	10538	7901	10538	9094
58750	58800	10550	7909	10550	9106
58800	58850	10563	7916	10563	9119
58850	58900	10575	7924	10575	9131
58900	58950	10588	7931	10588	9144
58950	59000	10600	7939	10600	9156
59000	59050	10613	7946	10613	9169
59050	59100	10625	7954	10625	9181
59100	59150	10638	7961	10638	9194
59150	59200	10650	7969	10650	9206
59200	59250	10663	7976	10663	9219
59250	59300	10675	7984	10675	9231
59300	59350	10688	7991	10688	9244
59350	59400	10700	7999	10700	9256
59400	59450	10713	8006	10713	9269
59450	59500	10725	8014	10725	9281
59500	59550	10738	8021	10738	9294
59550	59600	10750	8029	10750	9306
59600	59650	10763	8036	10763	9319
59650	59700	10775	8044	10775	9331
59700	59750	10788	8051	10788	9344
59750	59800	10800	8059	10800	9356
59800	59850	10813	8066	10813	9369
59850	59900	10825	8074	10825	9381
59900	59950	10838	8081	10838	9394
59950	60000	10850	8089	10850	9406
60000	60050	10863	8096	10863	9419
60050	60100	10875	8104	10875	9431
60100	60150	10888	8111	10888	9444
60150	60200	10900	8119	10900	9456
60200	60250	10913	8126	10913	9469
60250	60300	10925	8134	10925	9481
60300	60350	10938	8141	10938	9494
60350	60400	10950	8149	10950	9506
60400	60450	10963	8156	10963	9519
60450	60500	10975	8164	10975	9531
60500	60550	10988	8171	10988	9544
60550	60600	11000	8179	11000	9556
60600	60650	11013	8186	11013	9569
60650	60700	11025	8194	11025	9581
60700	60750	11038	8201	11038	9594
60750	60800	11050	8209	11050	9606
60800	60850	11063	8216	11063	9619
60850	60900	11075	8224	11075	9631
60900	60950	11088	8231	11088	9644
60950	61000	11100	8239	11100	9656
61000	61050	11113	8246	11113	9669
61050	61100	11125	8254	11125	9681
61100	61150	11138	8261	11138	9694
61150	61200	11150	8269	11150	9706
61200	61250	11163	8276	11163	9719
61250	61300	11175	8284	11175	9731
61300	61350	11188	8291	11188	9744
61350	61400	11200	8299	11200	9756
61400	61450	11213	8306	11213	9769
61450	61500	11225	8314	11225	9781
61500	61550	11238	8321	11238	9794
61550	61600	11250	8329	11250	9806
61600	61650	11263	8336	11263	9819
61650	61700	11275	8344	11275	9831
61700	61750	11288	8351	11288	9844
61750	61800	11300	8359	11300	9856
61800	61850	11313	8366	11313	9869
61850	61900	11325	8374	11325	9881
61900	61950	11338	8381	11338	9894
61950	62000	11350	8389	11350	9906
62000	62050	11363	8396	11363	9919
62050	62100	11375	8404	11375	9931
62100	62150	11388	8411	11388	9944
62150	62200	11400	8419	11400	9956
62200	62250	11413	8426	11413	9969
62250	62300	11425	8434	11425	9981
62300	62350	11438	8441	11438	9994
62350	62400	11450	8449	11450	10006
62400	62450	11463	8456	11463	10019
62450	62500	11475	8464	11475	10031
62500	62550	11488	8471	11488	10044
62550	62600	11500	8479	11500	10056
62600	62650	11513	8486	11513	10069
62650	62700	11525	8494	11525	10081
62700	62750	11538	8501	11538	10094
62750	62800	11550	8509	11550	10106
62800	62850	11563	8516	11563	10119
62850	62900	11575	8524	11575	10131
62900	62950	11588	8531	11588	10144
62950	63000	11600	8539	11600	10156
63000	63050	11613	8546	11613	10169
63050	63100	11625	8554	11625	10181
63100	63150	11638	8561	11638	10194
63150	63200	11650	8569	11650	10206
63200	63250	11663	8576	11663	10219
63250	63300	11675	8584	11675	10231
63300	63350	11688	8591	11688	10244
63350	63400	11700	8599	11700	10256
63400	63450	11713	8606	11713	10269
63450	63500	11725	8614	11725	10281
63500	63550	11738	8621	11738	10294
63550	63600	11750	8629	11750	10306
63600	63650	11763	8636	11763	10319
63650	63700	11775	8644	11775	10331
63700	63750	11788	8651	11788	10344
63750	63800	11800	8659	11800	10356
63800	63850	11813	8666	11813	10369
63850	63900	11825	8674	11825	10381
63900	63950	11838	8681	11838	10394
63950	64000	11850	8689	11850	10406
64000	64050	11863	8696	11863	10419
64050	64100	11875	8704	11875	10431
64100	64150	11888	8711	11888	10444
64150	64200	11900	8719	11900	10456
64200	64250	11913	8726	11913	10469
64250	64300	11925	8734	11925	10481
64300	64350	11938	8741	11938	10494
64350	64400	11950	8749	11950	10506
64400	64450	11963	8756	11963	10519
64450	64500	11975	8764	11975	10531
64500	64550	11988	8771	11988	10544
64550	64600	12000	8779	12000	10556
64600	64650	12013	8786	12013	10569
64650	64700	12025	8794	12025	10581
64700	64750	12038	8801	12038	10594
64750	64800	12050	8809	12050	10606
64800	64850	12063	8816	12063	10619
64850	64900	12075	8824	12075	10631
64900	64950	12088	8831	12088	10644
64950	65000	12100	8839	12100	10656
65000	65050	12113	8846	12113	10669
65050	65100	12125	8854	12125	10681
65100	65150	12138	8861	12138	10694
65150	65200	12150	8869	12150	10706
65200	65250	12163	8876	12163	10719
65250	65300	12175	8884	12175	10731
65300	65350	12188	8891	12188	10744
65350	65400	12200	8899	12200	10756
65400	65450	12213	8906	12213	10769
65450	65500	12225	8914	12225	10781
65500	65550	12238	8921	12238	10794
65550	65600	12250	8929	12250	10806
65600	65650	12263	8936	12263	10819
65650	65700	12275	8944	12275	10831
65700	65750	12288	8951	12288	10844
65750	65800	12300	8959	12300	10856
65800	65850	12313	8966	12313	10869
65850	65900	12325	8974	12325	10881
65900	65950	12338	8981	12338	10894
65950	66000	12350	8989	12350	10906
66000	66050	12363	8996	12363	10919
66050	66100	12375	9004	12375	10931
66100	66150	12388	9011	12388	10944
66150	66200	12400	9019	12400	10956
66200	66250	12413	9026	12413	10969
66250	66300	12425	9034	12425	10981
66300	66350	12438	9041	12438	10994
66350	66400	12450	9049	12450	11006
66400	66450	12463	9056	12463	11019
66450	66500	12475	9064	12475	11031
66500	66550	12488	9071	12488	11044
66550	66600	12500	9079	12500	11056
66600	66650	12513	9086	12513	11069
66650	66700	12525	9094	12525	11081
66700	66750	12538	9101	12538	11094
66750	66800	12550	9109	12550	11106
66800	66850	12563	9116	12563	11119
66850	66900	12575	9124	12575	11131
66900	66950	12588	9131	12588	11144
66950	67000	12600	9139	12600	11156
67000	67050	12613	9146	12613	11169
67050	67100	12625	9154	12625	11181
67100	67150	12638	9161	12638	11194
67150	67200	12650	9169	12650	11206
67200	67250	12663	9176	12663	11219
67250	67300	12675	9184	12675	11231
67300	67350	12688	9191	12688	11244
67350	67400	12700	9199	12700	11256
67400	67450	12713	9206	12713	11269
67450	67500	12725	9214	12725	11281
67500	67550	12738	9221	12738	11294
67550	67600	12750	9229	12750	11306
67600	67650	12763	9236	12763	11319
67650	67700	12775	9244	12775	11331
67700	67750	12788	9251	12788	11344
67750	67800	12800	9259	12800	11356
67800	67850	12813	9266	12813	11369
67850	67900	12825	9274	12825	11381
67900	67950	12838	9281	12838	11394
67950	68000	12850	9289	12850	11406
68000	68050	12863	9296	12863	11419
68050	68100	12875	9304	12875	11431
68100	68150	12888	9311	12888	11444
68150	68200	12900	9319	12900	11456
68200	68250	12913	9326	12913	11469
68250	68300	12925	9334	12925	11481
68300	68350	12938	9341	12938	11494
68350	68400	12950	9349	12950	11506
68400	68450	12963	9356	12963	11519
68450	68500	12975	9364	12975	11531
68500	68550	12988	9371	12988	11544
68550	68600	13000	9379	13000	11556
68600	68650	13013	9386	13013	11569
68650	68700	13025	9394	13025	11581
68700	68750	13038	9401	13038	11594
68750	68800	13050	9409	13050	11606
68800	68850	13063	9416	13063	11619
68850	68900	13075	9424	13075	11631
68900	68950	13088	9431	13088	11644
68950	69000	13100	9439	13100	11656
69000	69050	13113	9446	13113	11669
69050	69100	13125	9454	13125	11681
69100	69150	13138	9461	13138	11694
69150	69200	13150	9469	13150	11706
69200	69250	13163	9476	13163	11719
69250	69300	13175	9484	13175	11731
69300	69350	13188	9491	13188	11744
69350	69400	13200	9499	13200	11756
69400	69450	13213	9506	13213	11769
69450	69500	13225	9514	13225	11781
69500	69550	13238	9521	13238	11794
69550	69600	13250	9529	13250	11806
69600	69650	13263	9536	13263	11819
69650	69700	13275	9544	13275	11831
69700	69750	13288	9551	13288	11844
69750	69800	13300	9559	13300	11856
69800	69850	13313	9566	13313	11869
69850	69900	13325	9574	13325	11881
69900	69950	13338	9581	13338	11894
69950	70000	13350	9589	13350	11906
70000	70050	13363	9596	13363	11919
70050	70100	13375	9604	13375	11931
70100	70150	13388	9611	13388	11944
70150	70200	13400	9619	13400	11956
70200	70250	13413	9626	13413	11969
70250	70300	13425	9634	13425	11981
70300	70350	13438	9641	13438	11994
70350	70400	13450	9649	13450	12006
70400	70450	13463	9656	13463	12019
70450	70500	13475	9664	13475	12031
70500	70550	13488	9671	13488	12044
70550	70600	13500	9679	13500	12056
70600	70650	13513	9686	13513	12069
70650	70700	13525	9694	13525	12081
70700	70750	13538	9701	13538	12094
70750	70800	13550	9709	13550	12106
70800	70850	13563	9716	13563	12119
70850	70900	13575	9724	13575	12131
70900	70950	13588	9731	13588	12144
70950	71000	13600	9739	13600	12156
71000	71050	13613	9746	13613	12169
71050	71100	13625	9754	13625	12181
71100	71150	13638	9761	13638	12194
71150	71200	13650	9769	13650	12206
71200	71250	13663	9776	13663	12219
71250	71300	13675	9784	13675	12231
71300	71350	13688	9791	13688	12244
71350	71400	13700	9799	13700	12256
71400	71450	13713	9806	13713	12269
71450	71500	13725	9814	13725	12281
71500	71550	13738	9821	13738	12294
71550	71600	13750	9829	13750	12306
71600	71650	13763	9836	13763	12319
71650	71700	13775	9844	13775	12331
71700	71750	13788	9851	13788	12344
71750	71800	13800	9859	13800	12356
71800	71850	13813	9866	13813	12369
71850	71900	13825	9874	13825	12381
71900	71950	13838	9881	13838	12394
71950	72000	13850	9889	13850	12406
72000	72050	13863	9896	13863	12419
72050	72100	13875	9904	13875	12431
72100	72150	13888	9911	13888	12444
72150	72200	13900	9919	13900	12456
72200	72250	13913	9926	13913	12469
72250	72300	13925	9934	13925	12481
72300	72350	13938	9941	13938	12494
72350	72400	13950	9949	13950	12506
72400	72450	13963	9956	13963	12519
72450	72500	13975	9964	13975	12531
72500	72550	13988	9971	13988	12544
72550	72600	14000	9979	14000	12556
72600	72650	14013	9986	14013	12569
72650	72700	14025	9994	14025	12581
72700	72750	14038	10001	14038	12594
72750	72800	14050	10009	14050	12606
72800	72850	14063	10016	14063	12619
72850	72900	14075	10024	14075	12631
72900	72950	14088	10031	14088	12644
72950	73000	14100	10039	14100	12656
73000	73050	14113	10046	14113	12669
73050	73100	14125	10054	14125	12681
73100	73150	14138	10061	14138	12694
73150	73200	14150	10069	14150	12706
73200	73250	14163	10076	14163	12719
73250	73300	14175	10084	14175	12731
73300	73350	14188	10091	14188	12744
73350	73400	14200	10099	14200	12756
73400	73450	14213	10106	14213	12769
73450	73500	14225	10114	14225	12781
73500	73550	14238	10121	14238	12794
73550	73600	14250	10129	14250	12806
73600	73650	14263	10136	14263	12819
73650	73700	14275	10144	14275	12831
73700	73750	14288	10151	14288	12844
73750	73800	14300	10159	14300	12856
73800	73850	14313	10169	14313	12869
73850	73900	14325	10181	14325	12881
73900	73950	14338	10194	14338	12894
73950	74000	14350	10206	14350	12906
74000	74050	14363	10219	14363	12919
74050	74100	14375	10231	14375	12931
74100	74150	14388	10244	14388	12944
74150	74200	14400	10256	14400	12956
74200	74250	14413	10269	14413	12969
74250	74300	14425	10281	14425	12981
74300	74350	14438	10294	14438	12994
74350	74400	14450	10306	14450	13006
74400	74450	14463	10319	14463	13019
74450	74500	14475	10331	14477	13031
74500	74550	14488	10344	14491	13044
74550	74600	14500	10356	14505	13056
74600	74650	14513	10369	14519	13069
74650	74700	14525	10381	14533	13081
74700	74750	14538	10394	14547	13094
74750	74800	14550	10406	14561	13106
74800	74850	14563	10419	14575	13119
74850	74900	14575	10431	14589	13131
74900	74950	14588	10444	14603	13144
74950	75000	14600	10456	14617	13156
75000	75050	14613	10469	14631	13169
75050	75100	14625	10481	14645	13181
75100	75150	14638	10494	14659	13194
75150	75200	14650	10506	14673	13206
75200	75250	14663	10519	14687	13219
75250	75300	14675	10531	14701	13231
75300	75350	14688	10544	14715	13244
75350	75400	14700	10556	14729	13256
75400	75450	14713	10569	14743	13269
75450	75500	14725	10581	14757	13281
75500	75550	14738	10594	14771	13294
75550	75600	14750	10606	14785	13306
75600	75650	14763	10619	14799	13319
75650	75700	14775	10631	14813	13331
75700	75750	14788	10644	14827	13344
75750	75800	14800	10656	14841	13356
75800	75850	14813	10669	14855	13369
75850	75900	14825	10681	14869	13381
75900	75950	14838	10694	14883	13394
75950	76000	14850	10706	14897	13406
76000	76050	14863	10719	14911	13419
76050	76100	14875	10731	14925	13431
76100	76150	14888	10744	14939	13444
76150	76200	14900	10756	14953	13456
76200	76250	14913	10769	14967	13469
76250	76300	14925	10781	14981	13481
76300	76350	14938	10794	14995	13494
76350	76400	14950	10806	15009	13506
76400	76450	14963	10819	15023	13519
76450	76500	14975	10831	15037	13531
76500	76550	14988	10844	15051	13544
76550	76600	15000	10856	15065	13556
76600	76650	15013	10869	15079	13569
76650	76700	15025	10881	15093	13581
76700	76750	15038	10894	15107	13594
76750	76800	15050	10906	15121	13606
76800	76850	15063	10919	15135	13619
76850	76900	15075	10931	15149	13631
76900	76950	15088	10944	15163	13644
76950	77000	15100	10956	15177	13656
77000	77050	15113	10969	15191	13669
77050	77100	15125	10981	15205	13681
77100	77150	15138	10994	15219	13694
77150	77200	15150	11006	15233	13706
77200	77250	15163	11019	15247	13719
77250	77300	15175	11031	15261	13731
77300	77350	15188	11044	15275	13744
77350	77400	15200	11056	15289	13756
77400	77450	15213	11069	15303	13769
77450	77500	15225	11081	15317	13781
77500	77550	15238	11094	15331	13794
77550	77600	15250	11106	15345	13806
77600	77650	15263	11119	15359	13819
77650	77700	15275	11131	15373	13831
77700	77750	15288	11144	15387	13844
77750	77800	15300	11156	15401	13856
77800	77850	15313	11169	15415	13869
77850	77900	15325	11181	15429	13881
77900	77950	15338	11194	15443	13894
77950	78000	15350	11206	15457	13906
78000	78050	15363	11219	15471	13919
78050	78100	15375	11231	15485	13931
78100	78150	15388	11244	15499	13944
78150	78200	15400	11256	15513	13956
78200	78250	15413	11269	15527	13969
78250	78300	15425	11281	15541	13981
78300	78350	15438	11294	15555	13994
78350	78400	15450	11306	15569	14006
78400	78450	15463	11319	15583	14019
78450	78500	15475	11331	15597	14031
78500	78550	15488	11344	15611	14044
78550	78600	15500	11356	15625	14056
78600	78650	15513	11369	15639	14069
78650	78700	15525	11381	15653	14081
78700	78750	15538	11394	15667	14094
78750	78800	15550	11406	15681	14106
78800	78850	15563	11419	15695	14119
78850	78900	15575	11431	15709	14131
78900	78950	15588	11444	15723	14144
78950	79000	15600	11456	15737	14156
79000	79050	15613	11469	15751	14169
79050	79100	15625	11481	15765	14181
79100	79150	15638	11494	15779	14194
79150	79200	15650	11506	15793	14206
79200	79250	15663	11519	15807	14219
79250	79300	15675	11531	15821	14231
79300	79350	15688	11544	15835	14244
79350	79400	15700	11556	15849	14256
79400	79450	15713	11569	15863	14269
79450	79500	15725	11581	15877	14281
79500	79550	15738	11594	15891	14294
79550	79600	15750	11606	15905	14306
79600	79650	15763	11619	15919	14319
79650	79700	15775	11631	15933	14331
79700	79750	15788	11644	15947	14344
79750	79800	15800	11656	15961	14356
79800	79850	15813	11669	15975	14369
79850	79900	15825	11681	15989	14381
79900	79950	15838	11694	16003	14394
79950	80000	15850	11706	16017	14406
80000	80050	15863	11719	16031	14419
80050	80100	15875	11731	16045	14431
80100	80150	15888	11744	16059	14444
80150	80200	15900	11756	16073	14456
80200	80250	15913	11769	16087	14469
80250	80300	15925	11781	16101	14481
80300	80350	15938	11794	16115	14494
80350	80400	15950	11806	16129	14506
80400	80450	15963	11819	16143	14519
80450	80500	15975	11831	16157	14531
80500	80550	15988	11844	16171	14544
80550	80600	16000	11856	16185	14556
80600	80650	16013	11869	16199	14569
80650	80700	16025	11881	16213	14581
80700	80750	16038	11894	16227	14594
80750	80800	16050	11906	16241	14606
80800	80850	16063	11919	16255	14619
80850	80900	16075	11931	16269	14631
80900	80950	16088	11944	16283	14644
80950	81000	16100	11956	16297	14656
81000	81050	16113	11969	16311	14669
81050	81100	16125	11981	16325	14681
81100	81150	16138	11994	16339	14694
81150	81200	16150	12006	16353	14706
81200	81250	16163	12019	16367	14719
81250	81300	16175	12031	16381	14731
81300	81350	16188	12044	16395	14744
81350	81400	16200	12056	16409	14756
81400	81450	16213	12069	16423	14769
81450	81500	16225	12081	16437	14781
81500	81550	16238	12094	16451	14794
81550	81600	16250	12106	16465	14806
81600	81650	16263	12119	16479	14819
81650	81700	16275	12131	16493	14831
81700	81750	16288	12144	16507	14844
81750	81800	16300	12156	16521	14856
81800	81850	16313	12169	16535	14869
81850	81900	16325	12181	16549	14881
81900	81950	16338	12194	16563	14894
81950	82000	16350	12206	16577	14906
82000	82050	16363	12219	16591	14919
82050	82100	16375	12231	16605	14931
82100	82150	16388	12244	16619	14944
82150	82200	16400	12256	16633	14956
82200	82250	16413	12269	16647	14969
82250	82300	16425	12281	16661	14981
82300	82350	16438	12294	16675	14994
82350	82400	16450	12306	16689	15006
82400	82450	16463	12319	16703	15019
82450	82500	16475	12331	16717	15031
82500	82550	16488	12344	16731	15044
82550	82600	16500	12356	16745	15056
82600	82650	16513	12369	16759	15069
82650	82700	16525	12381	16773	15081
82700	82750	16538	12394	16787	15094
82750	82800	16550	12406	16801	15106
82800	82850	16563	12419	16815	15119
82850	82900	16575	12431	16829	15131
82900	82950	16588	12444	16843	15144
82950	83000	16600	12456	16857	15156
83000	83050	16613	12469	16871	15169
83050	83100	16625	12481	16885	15181
83100	83150	16638	12494	16899	15194
83150	83200	16650	12506	16913	15206
83200	83250	16663	12519	16927	15219
83250	83300	16675	12531	16941	15231
83300	83350	16688	12544	16955	15244
83350	83400	16700	12556	16969	15256
83400	83450	16713	12569	16983	15269
83450	83500	16725	12581	16997	15281
83500	83550	16738	12594	17011	15294
83550	83600	16750	12606	17025	15306
83600	83650	16763	12619	17039	15319
83650	83700	16775	12631	17053	15331
83700	83750	16788	12644	17067	15344
83750	83800	16800	12656	17081	15356
83800	83850	16813	12669	17095	15369
83850	83900	16825	12681	17109	15381
83900	83950	16838	12694	17123	15394
83950	84000	16850	12706	17137	15406
84000	84050	16863	12719	17151	15419
84050	84100	16875	12731	17165	15431
84100	84150	16888	12744	17179	15444
84150	84200	16900	12756	17193	15456
84200	84250	16913	12769	17207	15469
84250	84300	16925	12781	17221	15481
84300	84350	16938	12794	17235	15494
84350	84400	16950	12806	17249	15506
84400	84450	16963	12819	17263	15519
84450	84500	16975	12831	17277	15531
84500	84550	16988	12844	17291	15544
84550	84600	17000	12856	17305	15556
84600	84650	17013	12869	17319	15569
84650	84700	17025	12881	17333	15581
84700	84750	17038	12894	17347	15594
84750	84800	17050	12906	17361	15606
84800	84850	17063	12919	17375	15619
84850	84900	17075	12931	17389	15631
84900	84950	17088	12944	17403	15644
84950	85000	17100	12956	17417	15656
85000	85050	17113	12969	17431	15669
85050	85100	17125	12981	17445	15681
85100	85150	17138	12994	17459	15694
85150	85200	17150	13006	17473	15706
85200	85250	17163	13019	17487	15719
85250	85300	17175	13031	17501	15731
85300	85350	17188	13044	17515	15744
85350	85400	17200	13056	17529	15756
85400	85450	17213	13069	17543	15769
85450	85500	17225	13081	17557	15781
85500	85550	17238	13094	17571	15794
85550	85600	17250	13106	17585	15806
85600	85650	17263	13119	17599	15819
85650	85700	17275	13131	17613	15831
85700	85750	17288	13144	17627	15844
85750	85800	17300	13156	17641	15856
85800	85850	17313	13169	17655	15869
85850	85900	17325	13181	17669	15881
85900	85950	17338	13194	17683	15894
85950	86000	17350	13206	17697	15906
86000	86050	17363	13219	17711	15919
86050	86100	17375	13231	17725	15931
86100	86150	17388	13244	17739	15944
86150	86200	17400	13256	17753	15956
86200	86250	17413	13269	17767	15969
86250	86300	17425	13281	17781	15981
86300	86350	17438	13294	17795	15994
86350	86400	17450	13306	17809	16006
86400	86450	17463	13319	17823	16019
86450	86500	17475	13331	17837	16031
86500	86550	17488	13344	17851	16044
86550	86600	17500	13356	17865	16056
86600	86650	17513	13369	17879	16069
86650	86700	17525	13381	17893	16081
86700	86750	17538	13394	17907	16094
86750	86800	17550	13406	17921	16106
86800	86850	17563	13419	17935	16119
86850	86900	17575	13431	17949	16131
86900	86950	17588	13444	17963	16144
86950	87000	17600	13456	17977	16156
87000	87050	17613	13469	17991	16169
87050	87100	17625	13481	18005	16181
87100	87150	17638	13494	18019	16194
87150	87200	17650	13506	18033	16206
87200	87250	17663	13519	18047	16219
87250	87300	17675	13531	18061	16231
87300	87350	17688	13544	18075	16244
87350	87400	17700	13556	18089	16256
87400	87450	17713	13569	18103	16269
87450	87500	17725	13581	18117	16281
87500	87550	17738	13594	18131	16294
87550	87600	17750	13606	18145	16306
87600	87650	17763	13619	18159	16319
87650	87700	17775	13631	18173	16331
87700	87750	17788	13644	18187	16344
87750	87800	17800	13656	18201	16356
87800	87850	17813	13669	18215	16369
87850	87900	17825	13681	18229	16381
87900	87950	17838	13694	18243	16394
87950	88000	17850	13706	18257	16406
88000	88050	17863	13719	18271	16419
88050	88100	17875	13731	18285	16431
88100	88150	17888	13744	18299	16444
88150	88200	17900	13756	18313	16456
88200	88250	17913	13769	18327	16469
88250	88300	17925	13781	18341	16481
88300	88350	17938	13794	18355	16494
88350	88400	17950	13806	18369	16506
88400	88450	17963	13819	18383	16519
88450	88500	17975	13831	18397	16531
88500	88550	17988	13844	18411	16544
88550	88600	18000	13856	18425	16556
88600	88650	18013	13869	18439	16569
88650	88700	18025	13881	18453	16581
88700	88750	18038	13894	18467	16594
88750	88800	18050	13906	18481	16606
88800	88850	18063	13919	18495	16619
88850	88900	18075	13931	18509	16631
88900	88950	18088	13944	18523	16644
88950	89000	18100	13956	18537	16656
89000	89050	18113	13969	18551	16669
89050	89100	18125	13981	18565	16681
89100	89150	18138	13994	18579	16694
89150	89200	18150	14006	18593	16706
89200	89250	18163	14019	18607	16719
89250	89300	18175	14031	18621	16731
89300	89350	18188	14044	18635	16744
89350	89400	18201	14056	18649	16756
89400	89450	18215	14069	18663	16769
89450	89500	18229	14081	18677	16781
89500	89550	18243	14094	18691	16794
89550	89600	18257	14106	18705	16806
89600	89650	18271	14119	18719	16819
89650	89700	18285	14131	18733	16831
89700	89750	18299	14144	18747	16844
89750	89800	18313	14156	18761	16856
89800	89850	18327	14169	18775	16869
89850	89900	18341	14181	18789	16881
89900	89950	18355	14194	18803	16894
89950	90000	18369	14206	18817	16906
90000	90050	18383	14219	18831	16919
90050	90100	18397	14231	18845	16931
90100	90150	18411	14244	18859	16944
90150	90200	18425	14256	18873	16956
90200	90250	18439	14269	18887	16969
90250	90300	18453	14281	18901	16981
90300	90350	18467	14294	18915	16994
90350	90400	18481	14306	18929	17006
90400	90450	18495	14319	18943	17019
90450	90500	18509	14331	18957	17031
90500	90550	18523	14344	18971	17044
90550	90600	18537	14356	18985	17056
90600	90650	18551	14369	18999	17069
90650	90700	18565	14381	19013	17081
90700	90750	18579	14394	19027	17094
90750	90800	18593	14406	19041	17106
90800	90850	18607	14419	19055	17119
90850	90900	18621	14431	19069	17131
90900	90950	18635	14444	19083	17144
90950	91000	18649	14456	19097	17156
91000	91050	18663	14469	19111	17169
91050	91100	18677	14481	19125	17181
91100	91150	18691	14494	19139	17194
91150	91200	18705	14506	19153	17206
91200	91250	18719	14519	19167	17219
91250	91300	18733	14531	19181	17231
91300	91350	18747	14544	19195	17244
91350	91400	18761	14556	19209	17256
91400	91450	18775	14569	19223	17269
91450	91500	18789	14581	19237	17281
91500	91550	18803	14594	19251	17294
91550	91600	18817	14606	19265	17306
91600	91650	18831	14619	19279	17319
91650	91700	18845	14631	19293	17331
91700	91750	18859	14644	19307	17344
91750	91800	18873	14656	19321	17356
91800	91850	18887	14669	19335	17369
91850	91900	18901	14681	19349	17381
91900	91950	18915	14694	19363	17394
91950	92000	18929	14706	19377	17406
92000	92050	18943	14719	19391	17419
92050	92100	18957	14731	19405	17431
92100	92150	18971	14744	19419	17444
92150	92200	18985	14756	19433	17456
92200	92250	18999	14769	19447	17469
92250	92300	19013	14781	19461	17481
92300	92350	19027	14794	19475	17494
92350	92400	19041	14806	19489	17506
92400	92450	19055	14819	19503	17519
92450	92500	19069	14831	19517	17531
92500	92550	19083	14844	19531	17544
92550	92600	19097	14856	19545	17556
92600	92650	19111	14869	19559	17569
92650	92700	19125	14881	19573	17581
92700	92750	19139	14894	19587	17594
92750	92800	19153	14906	19601	17606
92800	92850	19167	14919	19615	17619
92850	92900	19181	14931	19629	17631
92900	92950	19195	14944	19643	17644
92950	93000	19209	14956	19657	17656
93000	93050	19223	14969	19671	17669
93050	93100	19237	14981	19685	17681
93100	93150	19251	14994	19699	17694
93150	93200	19265	15006	19713	17706
93200	93250	19279	15019	19727	17719
93250	93300	19293	15031	19741	17731
93300	93350	19307	15044	19755	17744
93350	93400	19321	15056	19769	17756
93400	93450	19335	15069	19783	17769
93450	93500	19349	15081	19797	17781
93500	93550	19363	15094	19811	17794
93550	93600	19377	15106	19825	17806
93600	93650	19391	15119	19839	17819
93650	93700	19405	15131	19853	17831
93700	93750	19419	15144	19867	17844
93750	93800	19433	15156	19881	17856
93800	93850	19447	15169	19895	17869
93850	93900	19461	15181	19909	17881
93900	93950	19475	15194	19923	17894
93950	94000	19489	15206	19937	17906
94000	94050	19503	15219	19951	17919
94050	94100	19517	15231	19965	17931
94100	94150	19531	15244	19979	17944
94150	94200	19545	15256	19993	17956
94200	94250	19559	15269	20007	17969
94250	94300	19573	15281	20021	17981
94300	94350	19587	15294	20035	17994
94350	94400	19601	15306	20049	18006
94400	94450	19615	15319	20063	18019
94450	94500	19629	15331	20077	18031
94500	94550	19643	15344	20091	18044
94550	94600	19657	15356	20105	18056
94600	94650	19671	15369	20119	18069
94650	94700	19685	15381	20133	18081
94700	94750	19699	15394	20147	18094
94750	94800	19713	15406	20161	18106
94800	94850	19727	15419	20175	18119
94850	94900	19741	15431	20189	18131
94900	94950	19755	15444	20203	18144
94950	95000	19769	15456	20217	18156
95000	95050	19783	15469	20231	18169
95050	95100	19797	15481	20245	18181
95100	95150	19811	15494	20259	18194
95150	95200	19825	15506	20273	18206
95200	95250	19839	15519	20287	18219
95250	95300	19853	15531	20301	18231
95300	95350	19867	15544	20315	18244
95350	95400	19881	15556	20329	18256
95400	95450	19895	15569	20343	18269
95450	95500	19909	15581	20357	18281
95500	95550	19923	15594	20371	18294
95550	95600	19937	15606	20385	18306
95600	95650	19951	15619	20399	18319
95650	95700	19965	15631	20413	18331
95700	95750	19979	15644	20427	18344
95750	95800	19993	15656	20441	18356
95800	95850	20007	15669	20455	18369
95850	95900	20021	15681	20469	18381
95900	95950	20035	15694	20483	18394
95950	96000	20049	15706	20497	18406
96000	96050	20063	15719	20511	18419
96050	96100	20077	15731	20525	18431
96100	96150	20091	15744	20539	18444
96150	96200	20105	15756	20553	18456
96200	96250	20119	15769	20567	18469
96250	96300	20133	15781	20581	18481
96300	96350	20147	15794	20595	18494
96350	96400	20161	15806	20609	18506
96400	96450	20175	15819	20623	18519
96450	96500	20189	15831	20637	18531
96500	96550	20203	15844	20651	18544
96550	96600	20217	15856	20665	18556
96600	96650	20231	15869	20679	18569
96650	96700	20245	15881	20693	18581
96700	96750	20259	15894	20707	18594
96750	96800	20273	15906	20721	18606
96800	96850	20287	15919	20735	18619
96850	96900	20301	15931	20749	18631
96900	96950	20315	15944	20763	18644
96950	97000	20329	15956	20777	18656
97000	97050	20343	15969	20791	18669
97050	97100	20357	15981	20805	18681
97100	97150	20371	15994	20819	18694
97150	97200	20385	16006	20833	18706
97200	97250	20399	16019	20847	18719
97250	97300	20413	16031	20861	18731
97300	97350	20427	16044	20875	18744
97350	97400	20441	16056	20889	18756
97400	97450	20455	16069	20903	18769
97450	97500	20469	16081	20917	18781
97500	97550	20483	16094	20931	18794
97550	97600	20497	16106	20945	18806
97600	97650	20511	16119	20959	18819
97650	97700	20525	16131	20973	18831
97700	97750	20539	16144	20987	18844
97750	97800	20553	16156	21001	18856
97800	97850	20567	16169	21015	18869
97850	97900	20581	16181	21029	18881
97900	97950	20595	16194	21043	18894
97950	98000	20609	16206	21057	18906
98000	98050	20623	16219	21071	18919
98050	98100	20637	16231	21085	18931
98100	98150	20651	16244	21099	18944
98150	98200	20665	16256	21113	18956
98200	98250	20679	16269	21127	18969
98250	98300	20693	16281	21141	18981
98300	98350	20707	16294	21155	18994
98350	98400	20721	16306	21169	19006
98400	98450	20735	16319	21183	19019
98450	98500	20749	16331	21197	19031
98500	98550	20763	16344	21211	19044
98550	98600	20777	16356	21225	19056
98600	98650	20791	16369	21239	19069
98650	98700	20805	16381	21253	19081
98700	98750	20819	16394	21267	19094
98750	98800	20833	16406	21281	19106
98800	98850	20847	16419	21295	19119
98850	98900	20861	16431	21309	19131
98900	98950	20875	16444	21323	19144
98950	99000	20889	16456	21337	19156
99000	99050	20903	16469	21351	19169
99050	99100	20917	16481	21365	19181
99100	99150	20931	16494	21379	19194
99150	99200	20945	16506	21393	19206
99200	99250	20959	16519	21407	19219
99250	99300	20973	16531	21421	19231
99300	99350	20987	16544	21435	19244
99350	99400	21001	16556	21449	19256
99400	99450	21015	16569	21463	19269
99450	99500	21029	16581	21477	19281
99500	99550	21043	16594	21491	19294
99550	99600	21057	16606	21505	19306
99600	99650	21071	16619	21519	19319
99650	99700	21085	16631	21533	19331
99700	99750	21099	16644	21547	19344
99750	99800	21113	16656	21561	19356
99800	99850	21127	16669	21575	19369
99850	99900	21141	16681	21589	19381
99900	99950	21155	16694	21603	19394
99950	100000	21169	16706	21617	19406
